Test function selected: f5
Encoding Selected: Grey
Standard function selected. No Complexity Option.
Number of parameters: 2
P:0 Length: 17
P:1 Length: 17


PoolSize            50
LengthString        34
Trials              50000
GenerationCurrent   0
RandomSeed          123987654
Bias                1.000000
MutateRate          0.350000
OutfileDump         dump
StatusInterval      10
NodeFile            f5
Experiments         1
CutOff              0.000000
NumPop              1
SwapInterval        1000000
SwapNumber          0

Trial   Bst           Wst           Median        Avg
    0  1.116603e+01   4.999994e+02   4.999550e+02   4.784578e+02
  152  4.136934e+00   4.590426e+02   3.231980e+02   2.598489e+02
  234  1.571143e+00   8.992406e+01   2.387055e+01   3.194050e+01
  316  1.051970e+00   1.618342e+01   1.076613e+01   1.027598e+01
  396  1.026643e+00   9.804675e+00   6.172554e+00   5.835825e+00
  498  9.980041e-01   3.373270e+00   1.219021e+00   1.539750e+00
  592  9.980041e-01   1.040442e+00   1.001148e+00   1.008165e+00
  688  9.980040e-01   9.985514e-01   9.980374e-01   9.981104e-01
  734  9.980038e-01   9.980270e-01   9.980068e-01   9.980099e-01
  818  9.980038e-01   9.980047e-01   9.980040e-01   9.980041e-01
  878  9.980038e-01   9.980039e-01   9.980038e-01   9.980038e-01
 1168  9.980038e-01   4.977220e+02   4.721170e+02   3.698901e+02
 1306  9.980038e-01   2.346238e+01   1.117731e+01   1.153797e+01
 1380  9.980038e-01   9.006720e+00   4.950502e+00   4.405739e+00
 1428  9.980038e-01   4.171876e+00   2.057680e+00   2.149535e+00
 1572  9.980038e-01   1.025409e+00   9.996592e-01   1.004505e+00
 1648  9.980038e-01   9.982951e-01   9.980735e-01   9.981095e-01
 1752  9.980038e-01   9.980048e-01   9.980041e-01   9.980041e-01
 1796  9.980038e-01   9.980040e-01   9.980039e-01   9.980039e-01
 1844  9.980038e-01   9.980038e-01   9.980038e-01   9.980038e-01
 2082  9.980038e-01   4.977755e+02   4.672497e+02   3.332049e+02
 2136  9.980038e-01   3.517983e+02   7.463726e+01   1.135873e+02
 2198  9.980038e-01   4.268026e+01   2.021689e+01   1.924063e+01
 2254  9.980038e-01   1.923428e+01   1.119258e+01   1.004659e+01
 2300  9.980038e-01   1.374049e+01   5.828764e+00   6.591467e+00
 2388  9.980038e-01   4.054868e+00   1.463972e+00   1.979500e+00
 2494  9.980038e-01   1.021621e+00   1.002486e+00   1.006115e+00
 2556  9.980038e-01   9.988903e-01   9.981579e-01   9.982333e-01
 2658  9.980038e-01   9.980105e-01   9.980052e-01   9.980057e-01
 2718  9.980038e-01   9.980046e-01   9.980040e-01   9.980041e-01
 2908  9.980038e-01   9.980038e-01   9.980038e-01   9.980038e-01
 3080  9.980038e-01   4.615572e+02   2.136770e+02   2.076958e+02
 3196  9.980038e-01   1.089602e+01   6.979566e+00   6.790693e+00
 3270  9.980038e-01   6.907732e+00   4.668556e+00   4.239676e+00
 3366  9.980038e-01   2.863958e+00   1.097737e+00   1.593694e+00
 3430  9.980038e-01   1.027592e+00   9.985391e-01   1.002904e+00
 3488  9.980038e-01   9.982193e-01   9.980295e-01   9.980701e-01
 3534  9.980038e-01   9.980202e-01   9.980066e-01   9.980084e-01
 3590  9.980038e-01   9.980050e-01   9.980041e-01   9.980042e-01
 3652  9.980038e-01   9.980039e-01   9.980038e-01   9.980038e-01
 3918  9.980038e-01   4.977072e+02   4.392563e+02   3.369910e+02
 3980  9.980038e-01   3.437133e+02   7.853781e+01   1.380095e+02
 4074  9.980038e-01   2.164343e+01   1.033397e+01   1.047947e+01
 4186  9.980038e-01   4.439975e+00   2.983462e+00   2.383651e+00
 4244  9.980038e-01   1.190507e+00   1.019024e+00   1.053294e+00
 4296  9.980038e-01   1.018639e+00   1.002736e+00   1.006074e+00
 4418  9.980038e-01   9.980182e-01   9.980048e-01   9.980069e-01
 4496  9.980038e-01   9.980038e-01   9.980038e-01   9.980038e-01
 4742  9.980038e-01   4.972207e+02   3.969380e+02   2.987723e+02
 4832  9.980038e-01   8.214249e+01   2.100758e+01   2.500979e+01
 4922  9.980038e-01   1.268318e+01   6.867936e+00   6.818393e+00
 4970  9.980038e-01   6.407139e+00   3.135323e+00   3.414795e+00
 5070  9.980038e-01   2.009227e+00   1.033999e+00   1.223842e+00
 5210  9.980038e-01   9.980720e-01   9.980055e-01   9.980149e-01
 5290  9.980038e-01   9.980043e-01   9.980039e-01   9.980039e-01
 5338  9.980038e-01   9.980038e-01   9.980038e-01   9.980038e-01
 5590  9.980038e-01   4.962547e+02   4.108538e+02   3.223680e+02
 5714  9.980038e-01   7.192522e+01   1.868542e+01   2.177487e+01
 5810  9.980038e-01   4.988677e+00   1.866302e+00   2.498583e+00
 5874  9.980038e-01   1.395912e+00   1.027746e+00   1.082147e+00
 5952  9.980038e-01   1.004622e+00   9.985048e-01   9.992949e-01
 6014  9.980038e-01   9.982536e-01   9.980454e-01   9.980887e-01
 6120  9.980038e-01   9.980067e-01   9.980047e-01   9.980049e-01
 6188  9.980038e-01   9.980041e-01   9.980038e-01   9.980039e-01
 6296  9.980038e-01   9.980038e-01   9.980038e-01   9.980038e-01
 6536  9.980038e-01   4.596631e+02   2.624180e+02   2.234326e+02
 6630  9.980038e-01   4.503321e+01   1.956037e+01   1.912900e+01
 6698  9.980038e-01   1.348038e+01   5.932709e+00   6.737425e+00
 6816  9.980038e-01   2.988383e+00   1.233992e+00   1.622920e+00
 6930  9.980038e-01   1.010637e+00   9.993138e-01   1.001587e+00
 7062  9.980038e-01   9.980088e-01   9.980050e-01   9.980054e-01
 7128  9.980038e-01   9.980043e-01   9.980039e-01   9.980039e-01
 7246  9.980038e-01   9.980038e-01   9.980038e-01   9.980038e-01
 7506  9.980038e-01   4.481599e+02   2.353340e+02   2.218813e+02
 7594  9.980038e-01   4.278452e+01   1.267402e+01   1.457612e+01
 7664  9.980038e-01   1.288933e+01   4.954447e+00   5.757847e+00
 7770  9.980038e-01   2.991602e+00   1.999592e+00   1.846258e+00
 7878  9.980038e-01   1.020079e+00   1.000892e+00   1.004522e+00
 7962  9.980038e-01   9.982416e-01   9.980277e-01   9.980701e-01
 8084  9.980038e-01   9.980052e-01   9.980043e-01   9.980043e-01
 8172  9.980038e-01   9.980038e-01   9.980038e-01   9.980038e-01
 8446  9.980038e-01   4.972183e+02   4.822162e+02   3.908797e+02
 8558  9.980038e-01   2.890716e+02   7.958283e+01   1.059773e+02
 8650  9.980038e-01   2.113398e+01   1.343995e+01   1.313955e+01
 8750  9.980038e-01   9.948844e+00   6.055687e+00   5.564434e+00
 8886  9.980038e-01   1.578955e+00   1.035247e+00   1.076293e+00
 9000  9.980038e-01   9.985690e-01   9.980670e-01   9.981245e-01
 9108  9.980038e-01   9.980063e-01   9.980047e-01   9.980047e-01
 9178  9.980038e-01   9.980040e-01   9.980038e-01   9.980038e-01
 9436  9.980038e-01   4.992568e+02   4.909032e+02   3.954257e+02
 9544  9.980038e-01   3.664107e+02   6.973641e+01   1.329988e+02
 9614  9.980038e-01   3.323153e+01   1.776980e+01   1.618469e+01
 9708  9.980038e-01   7.878052e+00   3.976076e+00   3.624523e+00
 9740  9.980038e-01   4.951729e+00   2.496788e+00   2.589300e+00
 9812  9.980038e-01   1.254684e+00   1.019127e+00   1.055001e+00
 9882  9.980038e-01   9.985614e-01   9.981068e-01   9.981531e-01
 9978  9.980038e-01   9.980046e-01   9.980040e-01   9.980041e-01
10064  9.980038e-01   9.980039e-01   9.980038e-01   9.980038e-01
10356  9.980038e-01   4.967617e+02   4.612020e+02   3.549452e+02
10422  9.980038e-01   4.449527e+02   3.243002e+02   2.670263e+02
10552  9.980038e-01   3.012469e+01   1.454292e+01   1.399094e+01
10618  9.980038e-01   1.329636e+01   6.433967e+00   6.909734e+00
10676  9.980038e-01   6.822223e+00   4.190464e+00   3.674513e+00
10706  9.980038e-01   4.950711e+00   2.997932e+00   2.550803e+00
10768  9.980038e-01   2.050248e+00   1.021098e+00   1.213519e+00
10828  9.980038e-01   1.012834e+00   9.991141e-01   1.001882e+00
10910  9.980038e-01   9.981018e-01   9.980263e-01   9.980301e-01
11012  9.980038e-01   9.980043e-01   9.980040e-01   9.980040e-01
11060  9.980038e-01   9.980039e-01   9.980038e-01   9.980038e-01
11326  9.980038e-01   4.980292e+02   4.799749e+02   3.328697e+02
11424  9.980038e-01   1.889825e+02   1.983392e+01   4.758060e+01
11500  9.980038e-01   9.085203e+00   3.608521e+00   4.286075e+00
11594  9.980038e-01   2.158582e+00   1.996093e+00   1.824311e+00
11658  9.980038e-01   1.994050e+00   1.175267e+00   1.455691e+00
11730  9.980038e-01   1.135572e+00   1.015478e+00   1.032493e+00
11832  9.980038e-01   9.981438e-01   9.980202e-01   9.980401e-01
11926  9.980038e-01   9.980085e-01   9.980053e-01   9.980054e-01
12012  9.980038e-01   9.980039e-01   9.980038e-01   9.980038e-01
12282  9.980038e-01   4.989679e+02   4.966788e+02   3.825358e+02
12382  9.980038e-01   3.445964e+02   3.867629e+01   9.251638e+01
12436  9.980038e-01   2.610563e+01   1.457640e+01   1.321460e+01
12492  9.980038e-01   1.430361e+01   7.643920e+00   7.552310e+00
12550  9.980038e-01   6.127019e+00   4.688306e+00   3.992173e+00
12672  9.980038e-01   3.007713e+00   1.180955e+00   1.626880e+00
12770  9.980038e-01   1.011790e+00   9.984431e-01   1.000917e+00
12846  9.980038e-01   9.981591e-01   9.980205e-01   9.980416e-01
12906  9.980038e-01   9.980083e-01   9.980045e-01   9.980051e-01
12986  9.980038e-01   9.980039e-01   9.980038e-01   9.980038e-01
13220  9.980038e-01   4.998264e+02   4.967337e+02   3.963795e+02
13286  9.980038e-01   4.958109e+02   4.060254e+02   2.853106e+02
13380  9.980038e-01   6.268141e+01   1.752107e+01   2.377485e+01
13456  9.980038e-01   1.349056e+01   7.918758e+00   7.668093e+00
13572  9.980038e-01   3.866972e+00   2.071078e+00   2.206527e+00
13640  9.980038e-01   1.994227e+00   1.089772e+00   1.315119e+00
13712  9.980038e-01   1.026487e+00   9.996274e-01   1.005270e+00
13760  9.980038e-01   9.989370e-01   9.980921e-01   9.981911e-01
13838  9.980038e-01   9.980341e-01   9.980060e-01   9.980126e-01
13928  9.980038e-01   9.980041e-01   9.980038e-01   9.980039e-01
14174  9.980038e-01   4.999995e+02   4.979577e+02   3.722539e+02
14272  9.980038e-01   4.269738e+02   1.228102e+02   1.802611e+02
14304  9.980038e-01   1.943110e+02   2.694798e+01   5.290280e+01
14372  9.980038e-01   1.333816e+01   5.991367e+00   6.107520e+00
14426  9.980038e-01   4.968800e+00   3.034528e+00   3.017977e+00
14498  9.980038e-01   2.487557e+00   1.179504e+00   1.526408e+00
14556  9.980038e-01   1.136467e+00   1.010967e+00   1.029829e+00
14622  9.980038e-01   9.988217e-01   9.981849e-01   9.982094e-01
14732  9.980038e-01   9.980046e-01   9.980039e-01   9.980040e-01
14986  9.980038e-01   4.999986e+02   4.967584e+02   3.776465e+02
15076  9.980038e-01   3.246301e+02   6.508542e+01   1.156596e+02
15138  9.980038e-01   4.235937e+01   1.830444e+01   1.608533e+01
15176  9.980038e-01   1.925012e+01   8.876661e+00   9.589950e+00
15248  9.980038e-01   8.876661e+00   4.965087e+00   4.633138e+00
15368  9.980038e-01   2.340656e+00   1.051366e+00   1.345379e+00
15446  9.980038e-01   1.000503e+00   9.981849e-01   9.985945e-01
15532  9.980038e-01   9.980509e-01   9.980081e-01   9.980153e-01
15618  9.980038e-01   9.980040e-01   9.980039e-01   9.980039e-01
15710  9.980038e-01   9.980038e-01   9.980038e-01   9.980038e-01
15952  9.980038e-01   4.916068e+02   4.356098e+02   3.448990e+02
16012  9.980038e-01   4.178486e+02   1.705957e+02   1.818232e+02
16072  9.980038e-01   4.992708e+01   1.602060e+01   1.740489e+01
16134  9.980038e-01   1.099467e+01   5.963779e+00   6.086854e+00
16228  9.980038e-01   4.028694e+00   2.134483e+00   2.283117e+00
16282  9.980038e-01   2.139667e+00   1.057364e+00   1.343868e+00
16360  9.980038e-01   1.004809e+00   9.981052e-01   9.994371e-01
16402  9.980038e-01   9.981052e-01   9.980074e-01   9.980240e-01
16494  9.980038e-01   9.980048e-01   9.980043e-01   9.980042e-01
16570  9.980038e-01   9.980040e-01   9.980038e-01   9.980038e-01
16818  9.980038e-01   4.999806e+02   4.960226e+02   3.953429e+02
16922  9.980038e-01   2.646949e+02   5.976854e+01   8.478987e+01
17004  9.980038e-01   2.018441e+01   9.919383e+00   1.008619e+01
17080  9.980038e-01   5.092883e+00   1.846960e+00   2.758688e+00
17122  9.980038e-01   1.831404e+00   1.026767e+00   1.116260e+00
17204  9.980038e-01   1.004360e+00   9.983102e-01   9.993602e-01
17262  9.980038e-01   9.981233e-01   9.980112e-01   9.980356e-01
17296  9.980038e-01   9.980173e-01   9.980047e-01   9.980063e-01
17408  9.980038e-01   9.980038e-01   9.980038e-01   9.980038e-01
17672  9.980038e-01   4.805668e+02   3.319607e+02   2.620214e+02
17722  9.980038e-01   3.005901e+02   5.009613e+01   1.045490e+02
17804  9.980038e-01   2.301698e+01   1.231047e+01   1.232877e+01
17840  9.980038e-01   1.461848e+01   9.818925e+00   8.511207e+00
17876  9.980038e-01   1.076319e+01   4.951891e+00   5.166183e+00
17964  9.980038e-01   4.728317e+00   1.057034e+00   1.940938e+00
18068  9.980038e-01   1.002655e+00   9.983546e-01   9.990093e-01
18110  9.980038e-01   9.984108e-01   9.980404e-01   9.981182e-01
18182  9.980038e-01   9.980127e-01   9.980043e-01   9.980054e-01
18492  9.980038e-01   4.999036e+02   4.868553e+02   3.544749e+02
18562  9.980038e-01   4.777577e+02   2.266442e+02   2.146053e+02
18646  9.980038e-01   3.270414e+01   1.930872e+01   1.503693e+01
18758  9.980038e-01   3.872113e+00   2.047987e+00   2.120288e+00
18856  9.980038e-01   1.992032e+00   1.015494e+00   1.180350e+00
18908  9.980038e-01   1.008809e+00   9.987445e-01   1.000944e+00
19020  9.980038e-01   9.980050e-01   9.980040e-01   9.980042e-01
19090  9.980038e-01   9.980038e-01   9.980038e-01   9.980038e-01
19342  9.980038e-01   4.498021e+02   1.665258e+02   1.916114e+02
19424  9.980038e-01   2.694680e+01   1.096055e+01   1.211100e+01
19488  9.980038e-01   1.045412e+01   4.950549e+00   4.565024e+00
19580  9.980038e-01   1.098209e+00   1.001301e+00   1.019353e+00
19662  9.980038e-01   9.985265e-01   9.980385e-01   9.981127e-01
19724  9.980038e-01   9.980127e-01   9.980047e-01   9.980060e-01
19784  9.980038e-01   9.980044e-01   9.980040e-01   9.980040e-01
19836  9.980038e-01   9.980039e-01   9.980038e-01   9.980038e-01
20100  9.980038e-01   4.960447e+02   4.493670e+02   3.014309e+02
20170  9.980038e-01   2.527990e+02   2.197981e+01   6.193159e+01
20244  9.980038e-01   1.551524e+01   1.077225e+01   9.263068e+00
20300  9.980038e-01   7.615458e+00   5.022471e+00   4.080097e+00
20410  9.980038e-01   1.154949e+00   1.001607e+00   1.017798e+00
20478  9.980038e-01   9.984736e-01   9.980401e-01   9.981205e-01
20576  9.980038e-01   9.980046e-01   9.980039e-01   9.980040e-01
20710  9.980038e-01   9.980038e-01   9.980038e-01   9.980038e-01
20926  9.980038e-01   4.742646e+02   2.371301e+02   2.156121e+02
20992  9.980038e-01   2.745625e+01   1.746501e+01   1.623817e+01
21050  9.980038e-01   1.456461e+01   9.177112e+00   9.014508e+00
21088  9.980038e-01   1.017704e+01   6.903389e+00   6.095741e+00
21198  9.980038e-01   3.478208e+00   2.009012e+00   2.135046e+00
21264  9.980038e-01   1.992052e+00   1.083354e+00   1.185291e+00
21314  9.980038e-01   1.049363e+00   1.001309e+00   1.007931e+00
21386  9.980038e-01   9.982039e-01   9.980126e-01   9.980506e-01
21450  9.980038e-01   9.980103e-01   9.980053e-01   9.980061e-01
21518  9.980038e-01   9.980041e-01   9.980038e-01   9.980039e-01
21608  9.980038e-01   9.980038e-01   9.980038e-01   9.980038e-01
21840  9.980038e-01   3.724661e+02   6.338108e+01   1.348482e+02
21888  9.980038e-01   5.761077e+01   1.985957e+01   2.161105e+01
22028  9.980038e-01   9.077172e+00   7.152704e+00   6.824522e+00
22188  9.980038e-01   4.950599e+00   2.761558e+00   2.618932e+00
22270  9.980038e-01   1.939702e+00   1.079261e+00   1.123302e+00
22308  9.980038e-01   1.091360e+00   1.013088e+00   1.026968e+00
22410  9.980038e-01   9.981759e-01   9.980719e-01   9.980726e-01
22538  9.980038e-01   9.980042e-01   9.980038e-01   9.980039e-01
22680  9.980038e-01   9.980038e-01   9.980038e-01   9.980038e-01
22868  9.980038e-01   4.459351e+02   8.545193e+01   1.569240e+02
22980  9.980038e-01   1.634842e+01   7.788370e+00   7.956244e+00
23088  9.980038e-01   3.157404e+00   1.992163e+00   1.946377e+00
23216  9.980038e-01   1.022802e+00   1.001563e+00   1.004563e+00
23300  9.980038e-01   9.980892e-01   9.980193e-01   9.980332e-01
23422  9.980038e-01   9.980041e-01   9.980039e-01   9.980039e-01
23680  9.980038e-01   4.999858e+02   4.978466e+02   4.049776e+02
23748  9.980038e-01   4.854291e+02   1.513555e+02   2.034509e+02
23798  9.980038e-01   7.129736e+01   1.276880e+01   1.943268e+01
23920  9.980038e-01   3.094571e+00   2.064695e+00   2.038915e+00
23988  9.980038e-01   2.003572e+00   1.054832e+00   1.355992e+00
24052  9.980038e-01   1.019929e+00   9.983261e-01   1.002229e+00
24156  9.980038e-01   9.980122e-01   9.980046e-01   9.980057e-01
24226  9.980038e-01   9.980040e-01   9.980038e-01   9.980038e-01
24294  9.980038e-01   9.980038e-01   9.980038e-01   9.980038e-01
24514  9.980038e-01   4.924882e+02   3.863917e+02   3.032869e+02
24604  9.980038e-01   1.780186e+02   4.320350e+01   5.995489e+01
24690  9.980038e-01   2.027145e+01   1.086737e+01   1.013878e+01
24756  9.980038e-01   9.931643e+00   3.357602e+00   3.898929e+00
24852  9.980038e-01   2.064858e+00   1.166214e+00   1.457281e+00
24972  9.980038e-01   1.007197e+00   9.987598e-01   1.000173e+00
25058  9.980038e-01   9.981001e-01   9.980264e-01   9.980338e-01
25150  9.980038e-01   9.980063e-01   9.980042e-01   9.980046e-01
25214  9.980038e-01   9.980040e-01   9.980039e-01   9.980039e-01
25486  9.980038e-01   4.999660e+02   4.695868e+02   3.311740e+02
25558  9.980038e-01   4.065546e+02   6.628916e+01   1.296454e+02
25646  9.980038e-01   2.380944e+01   1.470170e+01   1.292266e+01
25726  9.980038e-01   1.054231e+01   3.972314e+00   4.173882e+00
25808  9.980038e-01   2.063511e+00   1.034018e+00   1.226272e+00
25890  9.980038e-01   1.000715e+00   9.981843e-01   9.985991e-01
25940  9.980038e-01   9.982140e-01   9.980478e-01   9.980752e-01
26018  9.980038e-01   9.980175e-01   9.980071e-01   9.980090e-01
26094  9.980038e-01   9.980046e-01   9.980041e-01   9.980041e-01
26292  9.980038e-01   9.980038e-01   9.980038e-01   9.980038e-01
26484  9.980038e-01   3.722732e+02   1.350195e+02   1.543715e+02
26540  9.980038e-01   6.117572e+01   2.308634e+01   2.661440e+01
26622  9.980038e-01   1.659065e+01   6.882068e+00   8.110541e+00
26686  9.980038e-01   7.398212e+00   4.666692e+00   3.890813e+00
26770  9.980038e-01   1.488963e+00   1.069162e+00   1.112372e+00
26820  9.980038e-01   1.025657e+00   1.002805e+00   1.005061e+00
26886  9.980038e-01   9.985048e-01   9.980315e-01   9.981029e-01
26984  9.980038e-01   9.980049e-01   9.980041e-01   9.980041e-01
27060  9.980038e-01   9.980039e-01   9.980038e-01   9.980038e-01
27306  9.980038e-01   4.980121e+02   4.687821e+02   3.625569e+02
27390  9.980038e-01   3.494129e+02   1.759820e+02   1.508982e+02
27482  9.980038e-01   1.626853e+01   1.076318e+01   8.930476e+00
27566  9.980038e-01   6.123608e+00   3.772935e+00   3.586216e+00
27654  9.980038e-01   2.269646e+00   1.104184e+00   1.490812e+00
27770  9.980038e-01   1.019039e+00   1.002736e+00   1.004633e+00
27848  9.980038e-01   9.982103e-01   9.980182e-01   9.980564e-01
27888  9.980038e-01   9.980182e-01   9.980053e-01   9.980074e-01
27980  9.980038e-01   9.980038e-01   9.980038e-01   9.980038e-01
28230  9.980038e-01   4.977852e+02   4.741961e+02   3.545250e+02
28308  9.980038e-01   3.969951e+02   8.372353e+01   1.636041e+02
28386  9.980038e-01   1.924130e+01   1.204891e+01   1.117484e+01
28444  9.980038e-01   1.084160e+01   5.946974e+00   5.825911e+00
28542  9.980038e-01   3.032635e+00   2.060206e+00   2.075998e+00
28626  9.980038e-01   1.996474e+00   1.057284e+00   1.348754e+00
28676  9.980038e-01   1.062680e+00   1.003188e+00   1.014874e+00
28776  9.980038e-01   9.985155e-01   9.980409e-01   9.980986e-01
28854  9.980038e-01   9.980152e-01   9.980060e-01   9.980074e-01
28952  9.980038e-01   9.980045e-01   9.980040e-01   9.980041e-01
29224  9.980038e-01   4.999715e+02   4.976179e+02   3.810746e+02
29300  9.980038e-01   3.617894e+02   7.438981e+01   1.245534e+02
29372  9.980038e-01   4.496182e+01   1.923938e+01   1.884906e+01
29456  9.980038e-01   1.344362e+01   5.998393e+00   6.650767e+00
29516  9.980038e-01   7.302959e+00   3.225747e+00   3.493052e+00
29576  9.980038e-01   3.016975e+00   1.933970e+00   1.820196e+00
29622  9.980038e-01   1.992052e+00   1.057688e+00   1.171508e+00
29722  9.980038e-01   9.987155e-01   9.980790e-01   9.981735e-01
29812  9.980038e-01   9.980049e-01   9.980039e-01   9.980041e-01
29982  9.980038e-01   9.980038e-01   9.980038e-01   9.980038e-01
30176  9.980038e-01   3.277220e+02   1.261145e+02   1.271389e+02
30274  9.980038e-01   1.565195e+01   7.964200e+00   7.791230e+00
30330  9.980038e-01   7.837861e+00   4.221438e+00   4.234805e+00
30386  9.980038e-01   4.079651e+00   3.017617e+00   2.693779e+00
30482  9.980038e-01   2.047291e+00   1.063217e+00   1.259063e+00
30600  9.980038e-01   1.002599e+00   9.981079e-01   9.988911e-01
30668  9.980038e-01   9.980182e-01   9.980051e-01   9.980079e-01
30734  9.980038e-01   9.980041e-01   9.980039e-01   9.980039e-01
31030  9.980038e-01   4.998985e+02   4.881579e+02   3.919050e+02
31114  9.980038e-01   4.170027e+02   2.437981e+02   2.219270e+02
31166  9.980038e-01   2.371402e+02   6.695368e+01   8.316801e+01
31244  9.980038e-01   2.207408e+01   1.275877e+01   1.196839e+01
31328  9.980038e-01   6.690518e+00   3.259309e+00   3.713686e+00
31434  9.980038e-01   1.995749e+00   1.027598e+00   1.138371e+00
31528  9.980038e-01   9.990917e-01   9.981108e-01   9.982081e-01
31606  9.980038e-01   9.980096e-01   9.980055e-01   9.980060e-01
31688  9.980038e-01   9.980043e-01   9.980039e-01   9.980039e-01
31976  9.980038e-01   4.999995e+02   4.979926e+02   4.114897e+02
32050  9.980038e-01   4.692348e+02   3.361480e+02   2.790716e+02
32144  9.980038e-01   5.288947e+01   1.492568e+01   1.690761e+01
32214  9.980038e-01   1.022682e+01   4.950888e+00   5.023632e+00
32294  9.980038e-01   3.181632e+00   1.857442e+00   1.933596e+00
32354  9.980038e-01   1.154366e+00   1.029024e+00   1.038871e+00
32434  9.980038e-01   1.007337e+00   9.986845e-01   1.000031e+00
32492  9.980038e-01   9.982300e-01   9.980236e-01   9.980539e-01
32578  9.980038e-01   9.980052e-01   9.980041e-01   9.980043e-01
32642  9.980038e-01   9.980040e-01   9.980038e-01   9.980038e-01
32886  9.980038e-01   4.999646e+02   4.943135e+02   3.651176e+02
32962  9.980038e-01   3.875697e+02   6.319131e+01   1.498112e+02
33004  9.980038e-01   5.980758e+01   2.023000e+01   2.243136e+01
33042  9.980038e-01   2.381963e+01   1.321667e+01   1.284100e+01
33118  9.980038e-01   1.079382e+01   6.025347e+00   6.015270e+00
33214  9.980038e-01   5.051750e+00   1.688563e+00   2.340871e+00
33288  9.980038e-01   1.111213e+00   1.006505e+00   1.019328e+00
33404  9.980038e-01   9.981085e-01   9.980206e-01   9.980294e-01
33500  9.980038e-01   9.980054e-01   9.980044e-01   9.980044e-01
33600  9.980038e-01   9.980038e-01   9.980038e-01   9.980038e-01
33862  9.980038e-01   4.970744e+02   2.248117e+02   2.371681e+02
33938  9.980038e-01   2.728340e+01   1.282916e+01   1.308023e+01
34040  9.980038e-01   7.883786e+00   5.027296e+00   4.609665e+00
34102  9.980038e-01   4.333523e+00   2.345293e+00   2.238470e+00
34170  9.980038e-01   1.054026e+00   9.985542e-01   1.006885e+00
34242  9.980038e-01   9.981331e-01   9.980245e-01   9.980485e-01
34300  9.980038e-01   9.980139e-01   9.980060e-01   9.980069e-01
34364  9.980038e-01   9.980047e-01   9.980039e-01   9.980041e-01
34430  9.980038e-01   9.980038e-01   9.980038e-01   9.980038e-01
34708  9.980038e-01   4.884584e+02   3.403751e+02   2.939301e+02
34790  9.980038e-01   8.220718e+01   3.244833e+01   3.262240e+01
34846  9.980038e-01   2.244814e+01   1.295156e+01   1.158748e+01
34916  9.980038e-01   1.099482e+01   4.135195e+00   5.186796e+00
34972  9.980038e-01   4.304833e+00   2.989573e+00   2.604109e+00
35050  9.980038e-01   1.993909e+00   1.053566e+00   1.224734e+00
35146  9.980038e-01   9.987077e-01   9.980892e-01   9.981679e-01
35250  9.980038e-01   9.980085e-01   9.980042e-01   9.980049e-01
35330  9.980038e-01   9.980039e-01   9.980038e-01   9.980038e-01
35550  9.980038e-01   4.999981e+02   4.980027e+02   3.865349e+02
35630  9.980038e-01   4.749652e+02   1.992315e+02   2.061643e+02
35716  9.980038e-01   6.880943e+01   2.107758e+01   2.430641e+01
35790  9.980038e-01   1.748590e+01   1.103294e+01   1.015232e+01
35858  9.980038e-01   1.034690e+01   4.970682e+00   5.231105e+00
35956  9.980038e-01   2.985373e+00   2.005260e+00   1.890930e+00
36072  9.980038e-01   1.028720e+00   1.001924e+00   1.007095e+00
36164  9.980038e-01   9.983454e-01   9.980995e-01   9.981305e-01
36228  9.980038e-01   9.980412e-01   9.980062e-01   9.980128e-01
36294  9.980038e-01   9.980044e-01   9.980039e-01   9.980040e-01
36350  9.980038e-01   9.980039e-01   9.980038e-01   9.980038e-01
36624  9.980038e-01   4.994056e+02   4.917646e+02   3.925016e+02
36714  9.980038e-01   3.994039e+02   1.697690e+02   1.679432e+02
36768  9.980038e-01   1.303433e+02   2.322256e+01   3.982383e+01
36848  9.980038e-01   1.838423e+01   8.122447e+00   9.292744e+00
36942  9.980038e-01   4.950937e+00   3.010530e+00   2.838394e+00
37004  9.980038e-01   3.019359e+00   1.934099e+00   1.786897e+00
37078  9.980038e-01   1.277539e+00   1.011960e+00   1.049695e+00
37174  9.980038e-01   9.982451e-01   9.980438e-01   9.980752e-01
37250  9.980038e-01   9.980144e-01   9.980041e-01   9.980049e-01
37344  9.980038e-01   9.980038e-01   9.980038e-01   9.980038e-01
37622  9.980038e-01   4.938857e+02   4.463761e+02   3.459812e+02
37710  9.980038e-01   3.346576e+02   1.298058e+02   1.492593e+02
37864  9.980038e-01   7.203860e+00   3.956498e+00   3.706456e+00
37996  9.980038e-01   1.063598e+00   1.006435e+00   1.011279e+00
38068  9.980038e-01   9.991349e-01   9.980616e-01   9.981986e-01
38126  9.980038e-01   9.980433e-01   9.980060e-01   9.980147e-01
38216  9.980038e-01   9.980043e-01   9.980040e-01   9.980040e-01
38400  9.980038e-01   9.980038e-01   9.980038e-01   9.980038e-01
38596  9.980038e-01   4.292229e+02   2.471789e+02   2.252980e+02
38658  9.980038e-01   1.979778e+02   2.776546e+01   5.470709e+01
38712  9.980038e-01   1.775954e+01   7.915395e+00   9.068672e+00
38772  9.980038e-01   7.874997e+00   5.934752e+00   4.788275e+00
38890  9.980038e-01   2.982489e+00   1.162921e+00   1.332284e+00
38966  9.980038e-01   1.020079e+00   9.984253e-01   1.001250e+00
39024  9.980038e-01   9.982618e-01   9.980792e-01   9.980943e-01
39074  9.980038e-01   9.980254e-01   9.980061e-01   9.980094e-01
39154  9.980038e-01   9.980039e-01   9.980038e-01   9.980038e-01
39406  9.980038e-01   4.900124e+02   9.600252e+01   1.752535e+02
39466  9.980038e-01   3.991418e+01   1.338677e+01   1.551843e+01
39556  9.980038e-01   5.773402e+00   3.986470e+00   3.760147e+00
39632  9.980038e-01   3.782410e+00   2.050637e+00   2.116217e+00
39704  9.980038e-01   1.923205e+00   1.048811e+00   1.188792e+00
39804  9.980038e-01   9.990810e-01   9.980657e-01   9.981717e-01
39850  9.980038e-01   9.980522e-01   9.980075e-01   9.980162e-01
39888  9.980038e-01   9.980075e-01   9.980044e-01   9.980049e-01
39970  9.980038e-01   9.980039e-01   9.980038e-01   9.980038e-01
40244  9.980038e-01   4.999033e+02   4.847069e+02   3.476388e+02
40372  9.980038e-01   1.079213e+02   2.017373e+01   3.066562e+01
40434  9.980038e-01   2.015859e+01   9.007654e+00   9.011404e+00
40502  9.980038e-01   5.934417e+00   4.037151e+00   3.297667e+00
40604  9.980038e-01   1.196217e+00   1.012373e+00   1.029993e+00
40728  9.980038e-01   9.980822e-01   9.980080e-01   9.980235e-01
40824  9.980038e-01   9.980043e-01   9.980040e-01   9.980040e-01
40882  9.980038e-01   9.980039e-01   9.980038e-01   9.980038e-01
41114  9.980038e-01   4.976331e+02   4.767784e+02   3.577501e+02
41186  9.980038e-01   4.036528e+02   1.448098e+02   1.666151e+02
41254  9.980038e-01   2.380943e+01   1.096425e+01   1.219418e+01
41340  9.980038e-01   5.491750e+00   3.143900e+00   3.235603e+00
41420  9.980038e-01   2.323269e+00   1.035933e+00   1.319987e+00
41482  9.980038e-01   1.024391e+00   9.984741e-01   1.003779e+00
41538  9.980038e-01   9.981806e-01   9.980270e-01   9.980500e-01
41632  9.980038e-01   9.980045e-01   9.980039e-01   9.980040e-01
41676  9.980038e-01   9.980038e-01   9.980038e-01   9.980038e-01
41926  9.980038e-01   4.904419e+02   3.008985e+02   2.555349e+02
42014  9.980038e-01   4.711459e+01   2.271572e+01   2.164738e+01
42126  9.980038e-01   1.042307e+01   5.074979e+00   4.931687e+00
42220  9.980038e-01   1.986095e+00   1.087282e+00   1.233880e+00
42278  9.980038e-01   1.031450e+00   1.002531e+00   1.005495e+00
42346  9.980038e-01   9.990821e-01   9.981912e-01   9.982916e-01
42398  9.980038e-01   9.980697e-01   9.980167e-01   9.980221e-01
42468  9.980038e-01   9.980075e-01   9.980053e-01   9.980052e-01
42640  9.980038e-01   9.980038e-01   9.980038e-01   9.980038e-01
42830  9.980038e-01   4.626601e+02   1.714988e+02   2.103572e+02
42958  9.980038e-01   1.087012e+01   3.474603e+00   4.492967e+00
43038  9.980038e-01   2.982828e+00   1.548247e+00   1.671902e+00
43100  9.980038e-01   1.590314e+00   1.038342e+00   1.108525e+00
43184  9.980038e-01   1.001587e+00   9.981319e-01   9.986751e-01
43264  9.980038e-01   9.980199e-01   9.980053e-01   9.980070e-01
43344  9.980038e-01   9.980039e-01   9.980038e-01   9.980038e-01
43622  9.980038e-01   4.963412e+02   4.487758e+02   3.115156e+02
43694  9.980038e-01   2.211794e+02   2.203676e+01   6.915912e+01
43760  9.980038e-01   1.801311e+01   1.171880e+01   1.121028e+01
43844  9.980038e-01   8.994892e+00   5.928987e+00   5.057573e+00
43928  9.980038e-01   3.315519e+00   1.992769e+00   1.963726e+00
44032  9.980038e-01   1.067733e+00   1.001274e+00   1.012107e+00
44114  9.980038e-01   9.983625e-01   9.980344e-01   9.980866e-01
44242  9.980038e-01   9.980047e-01   9.980041e-01   9.980041e-01
44332  9.980038e-01   9.980038e-01   9.980038e-01   9.980038e-01
44586  9.980038e-01   4.846152e+02   2.927273e+02   2.646363e+02
44706  9.980038e-01   1.954930e+01   1.076728e+01   1.014868e+01
44790  9.980038e-01   6.438751e+00   4.950675e+00   4.116099e+00
44878  9.980038e-01   3.145633e+00   1.179508e+00   1.789510e+00
44976  9.980038e-01   1.010141e+00   9.983335e-01   1.000322e+00
45066  9.980038e-01   9.980348e-01   9.980094e-01   9.980120e-01
45178  9.980038e-01   9.980046e-01   9.980039e-01   9.980040e-01
45464  9.980038e-01   4.999406e+02   4.926598e+02   3.859904e+02
45586  9.980038e-01   2.138111e+02   2.789231e+01   6.373038e+01
45660  9.980038e-01   1.789888e+01   1.148410e+01   1.159178e+01
45716  9.980038e-01   1.301060e+01   8.988660e+00   8.248377e+00
45804  9.980038e-01   7.112226e+00   4.950855e+00   4.202104e+00
45882  9.980038e-01   3.038422e+00   2.036046e+00   2.103829e+00
45936  9.980038e-01   2.017461e+00   1.044469e+00   1.335847e+00
45990  9.980038e-01   1.012304e+00   9.986101e-01   1.001075e+00
46056  9.980038e-01   9.981506e-01   9.980113e-01   9.980426e-01
46164  9.980038e-01   9.980039e-01   9.980038e-01   9.980038e-01
46382  9.980038e-01   4.999883e+02   4.972589e+02   4.221501e+02
46474  9.980038e-01   4.476645e+02   1.719966e+02   1.944982e+02
46530  9.980038e-01   7.613727e+01   2.028212e+01   2.196634e+01
46606  9.980038e-01   1.371851e+01   5.881318e+00   6.574200e+00
46684  9.980038e-01   4.966839e+00   2.002740e+00   2.504128e+00
46752  9.980038e-01   1.992046e+00   1.033864e+00   1.122128e+00
46858  9.980038e-01   1.001197e+00   9.981331e-01   9.985194e-01
46972  9.980038e-01   9.980084e-01   9.980046e-01   9.980054e-01
47062  9.980038e-01   9.980040e-01   9.980038e-01   9.980038e-01
47322  9.980038e-01   4.993624e+02   4.681582e+02   3.630717e+02
47406  9.980038e-01   3.229182e+02   1.249938e+02   1.291001e+02
47480  9.980038e-01   1.083634e+02   1.741423e+01   2.675943e+01
47564  9.980038e-01   1.476955e+01   9.420107e+00   8.160697e+00
47644  9.980038e-01   6.118315e+00   3.098330e+00   3.317674e+00
47734  9.980038e-01   2.236455e+00   1.061581e+00   1.429990e+00
47810  9.980038e-01   1.013754e+00   9.986379e-01   1.000879e+00
47862  9.980038e-01   9.984357e-01   9.980316e-01   9.980866e-01
47982  9.980038e-01   9.980040e-01   9.980038e-01   9.980038e-01
48142  9.980038e-01   9.980038e-01   9.980038e-01   9.980038e-01
48320  9.980038e-01   4.783600e+02   2.346488e+02   2.306703e+02
48384  9.980038e-01   5.262803e+01   2.210280e+01   2.297408e+01
48464  9.980038e-01   1.045487e+01   5.971014e+00   5.729587e+00
48510  9.980038e-01   5.134044e+00   2.982234e+00   2.807677e+00
48574  9.980038e-01   2.115894e+00   1.079695e+00   1.338919e+00
48622  9.980038e-01   1.050851e+00   1.005949e+00   1.011480e+00
48692  9.980038e-01   9.982713e-01   9.980465e-01   9.980716e-01
48722  9.980038e-01   9.980438e-01   9.980077e-01   9.980125e-01
48776  9.980038e-01   9.980062e-01   9.980047e-01   9.980047e-01
48836  9.980038e-01   9.980040e-01   9.980039e-01   9.980039e-01
49022  9.980038e-01   9.980038e-01   9.980038e-01   9.980038e-01
49226  9.980038e-01   4.877069e+02   4.027282e+02   3.017221e+02
49292  9.980038e-01   3.317683e+02   3.491364e+01   8.586437e+01
49370  9.980038e-01   1.808268e+01   1.094861e+01   9.221945e+00
49434  9.980038e-01   9.637505e+00   4.093233e+00   4.352675e+00
49488  9.980038e-01   3.397505e+00   2.094499e+00   2.226713e+00
49542  9.980038e-01   2.044289e+00   1.136839e+00   1.427086e+00
49632  9.980038e-01   1.003565e+00   9.981897e-01   9.992066e-01
49736  9.980038e-01   9.980194e-01   9.980080e-01   9.980095e-01
49922  9.980038e-01   9.980038e-01   9.980038e-01   9.980038e-01
50024  9.980038e-01   9.980038e-01   9.980038e-01   9.980038e-01
50024  9.980038e-01   9.980038e-01   9.980038e-01   9.980038e-01
P0: -31.981000    P1: -32.053000    

Mean Soln: 9.980038e-01    Sigma: NaN
Lowest:  9.980038e-01

Mean Extra (EXPTS): 0.998004    Sigma: NaN
Lowest Extra:  0.998004

Mean Trials: 0.000000    None Solved

 *** THERE WERE 0 SUCCESSES.

