Test function selected: f5
Encoding Selected: Grey
Standard function selected. No Complexity Option.
Number of parameters: 2
P:0 Length: 17
P:1 Length: 17


PoolSize            50
LengthString        34
Trials              50000
GenerationCurrent   0
RandomSeed          123987654
Bias                1.000000
MutateRate          0.350000
OutfileDump         dump
StatusInterval      10
NodeFile            f5
Experiments         1
CutOff              0.000000
NumPop              1
SwapInterval        1000000
SwapNumber          0

Trial   Bst           Wst           Median        Avg
    0  1.116603e+01   4.999994e+02   4.999550e+02   4.784610e+02
  140  9.905357e+00   4.696501e+02   3.660165e+02   2.932490e+02
  200  5.049118e+00   2.647722e+02   3.800909e+01   8.477800e+01
  254  1.084804e+00   2.608172e+01   1.399083e+01   1.543398e+01
  286  1.084804e+00   2.200092e+01   9.905357e+00   1.118570e+01
  432  9.984946e-01   6.066128e+00   5.049118e+00   4.267108e+00
  516  9.980041e-01   2.986316e+00   1.132427e+00   1.704265e+00
  636  9.980041e-01   1.000244e+00   9.981745e-01   9.986622e-01
  714  9.980040e-01   9.980264e-01   9.980085e-01   9.980117e-01
  832  9.980040e-01   9.980047e-01   9.980042e-01   9.980043e-01
  920  9.980039e-01   9.980041e-01   9.980041e-01   9.980040e-01
  996  9.980039e-01   9.980040e-01   9.980039e-01   9.980039e-01
 1222  9.980039e-01   4.993291e+02   4.645366e+02   3.846050e+02
 1290  9.980039e-01   3.864240e+02   1.533177e+02   1.641438e+02
 1404  9.980039e-01   1.815984e+01   1.046555e+01   9.855463e+00
 1480  9.980039e-01   9.625726e+00   4.953003e+00   4.925121e+00
 1528  9.980039e-01   5.161883e+00   2.996663e+00   3.010497e+00
 1588  9.980039e-01   2.982105e+00   1.991055e+00   1.722342e+00
 1656  9.980039e-01   1.059094e+00   9.999889e-01   1.013732e+00
 1780  9.980038e-01   9.980176e-01   9.980052e-01   9.980076e-01
 1844  9.980038e-01   9.980045e-01   9.980040e-01   9.980041e-01
 1904  9.980038e-01   9.980039e-01   9.980038e-01   9.980038e-01
 2132  9.980038e-01   4.999994e+02   4.977668e+02   4.140296e+02
 2208  9.980038e-01   4.885902e+02   3.496314e+02   2.659074e+02
 2292  9.980038e-01   2.778827e+01   1.488882e+01   1.428461e+01
 2366  9.980038e-01   1.234298e+01   9.804313e+00   7.295938e+00
 2446  9.980038e-01   3.871215e+00   1.162841e+00   1.867243e+00
 2548  9.980038e-01   1.003223e+00   9.982113e-01   9.990869e-01
 2598  9.980038e-01   9.981199e-01   9.980371e-01   9.980474e-01
 2690  9.980038e-01   9.980065e-01   9.980044e-01   9.980047e-01
 2734  9.980038e-01   9.980044e-01   9.980040e-01   9.980040e-01
 2918  9.980038e-01   9.980038e-01   9.980038e-01   9.980038e-01
 3078  9.980038e-01   4.889761e+02   3.241962e+02   2.636271e+02
 3162  9.980038e-01   3.644724e+01   1.551321e+01   1.679670e+01
 3248  9.980038e-01   1.039082e+01   5.238760e+00   5.444778e+00
 3336  9.980038e-01   2.569735e+00   1.060866e+00   1.449445e+00
 3420  9.980038e-01   1.015022e+00   9.998294e-01   1.002773e+00
 3498  9.980038e-01   9.982713e-01   9.980413e-01   9.980837e-01
 3580  9.980038e-01   9.980075e-01   9.980042e-01   9.980049e-01
 3740  9.980038e-01   9.980038e-01   9.980038e-01   9.980038e-01
 3984  9.980038e-01   4.073475e+02   1.573865e+02   1.876967e+02
 4098  9.980038e-01   2.066904e+01   1.550397e+01   1.229966e+01
 4144  9.980038e-01   1.388775e+01   5.033152e+00   5.947895e+00
 4246  9.980038e-01   3.030904e+00   1.880159e+00   1.723168e+00
 4294  9.980038e-01   1.992262e+00   1.031353e+00   1.181402e+00
 4376  9.980038e-01   1.001052e+00   9.980766e-01   9.985079e-01
 4420  9.980038e-01   9.980448e-01   9.980139e-01   9.980150e-01
 4518  9.980038e-01   9.980049e-01   9.980041e-01   9.980041e-01
 4576  9.980038e-01   9.980039e-01   9.980038e-01   9.980038e-01
 4796  9.980038e-01   4.999988e+02   4.904688e+02   3.456265e+02
 4918  9.980038e-01   1.306930e+02   1.473969e+01   3.319738e+01
 4978  9.980038e-01   1.319438e+01   5.632364e+00   5.863170e+00
 5080  9.980038e-01   3.129065e+00   1.273091e+00   1.625547e+00
 5142  9.980038e-01   1.122572e+00   1.008604e+00   1.025880e+00
 5272  9.980038e-01   9.980493e-01   9.980049e-01   9.980117e-01
 5334  9.980038e-01   9.980039e-01   9.980038e-01   9.980038e-01
 5564  9.980038e-01   4.999995e+02   4.971729e+02   3.746233e+02
 5636  9.980038e-01   3.951448e+02   3.901475e+01   1.058154e+02
 5696  9.980038e-01   2.015421e+01   1.284545e+01   1.105494e+01
 5782  9.980038e-01   4.993987e+00   2.927994e+00   2.920982e+00
 5860  9.980038e-01   1.382668e+00   1.012152e+00   1.047654e+00
 5966  9.980038e-01   9.981911e-01   9.980288e-01   9.980597e-01
 6016  9.980038e-01   9.980089e-01   9.980046e-01   9.980052e-01
 6096  9.980038e-01   9.980040e-01   9.980038e-01   9.980038e-01
 6334  9.980038e-01   4.999994e+02   4.979498e+02   4.179618e+02
 6428  9.980038e-01   4.444574e+02   2.056717e+02   2.000696e+02
 6518  9.980038e-01   2.015346e+01   1.177099e+01   1.108867e+01
 6580  9.980038e-01   1.093849e+01   4.984869e+00   5.437236e+00
 6660  9.980038e-01   3.012132e+00   1.138137e+00   1.655793e+00
 6786  9.980038e-01   1.003645e+00   9.982246e-01   9.987963e-01
 6844  9.980038e-01   9.980772e-01   9.980077e-01   9.980198e-01
 6906  9.980038e-01   9.980049e-01   9.980040e-01   9.980041e-01
 6960  9.980038e-01   9.980038e-01   9.980038e-01   9.980038e-01
 7198  9.980038e-01   4.994451e+02   4.752956e+02   3.629937e+02
 7280  9.980038e-01   3.689701e+02   1.035188e+02   1.406452e+02
 7366  9.980038e-01   2.488372e+01   1.116354e+01   1.202945e+01
 7420  9.980038e-01   1.130768e+01   6.877486e+00   6.214130e+00
 7486  9.980038e-01   4.952887e+00   3.280161e+00   3.197718e+00
 7588  9.980038e-01   1.126142e+00   1.014135e+00   1.030236e+00
 7670  9.980038e-01   9.982067e-01   9.980143e-01   9.980447e-01
 7750  9.980038e-01   9.980049e-01   9.980039e-01   9.980041e-01
 8024  9.980038e-01   4.999771e+02   4.921404e+02   3.681107e+02
 8102  9.980038e-01   4.582694e+02   1.484394e+02   2.035987e+02
 8168  9.980038e-01   2.661922e+01   1.676811e+01   1.556861e+01
 8266  9.980038e-01   1.118841e+01   5.814166e+00   6.093325e+00
 8370  9.980038e-01   3.173267e+00   2.010413e+00   1.945193e+00
 8436  9.980038e-01   1.047982e+00   9.990071e-01   1.006143e+00
 8558  9.980038e-01   9.980655e-01   9.980105e-01   9.980213e-01
 8686  9.980038e-01   9.980040e-01   9.980039e-01   9.980039e-01
 8762  9.980038e-01   9.980038e-01   9.980038e-01   9.980038e-01
 9000  9.980038e-01   4.884326e+02   3.457526e+02   3.088476e+02
 9082  9.980038e-01   1.578590e+02   3.468480e+01   5.192830e+01
 9156  9.980038e-01   1.551843e+01   8.867466e+00   8.271762e+00
 9252  9.980038e-01   3.476388e+00   1.995633e+00   2.021371e+00
 9352  9.980038e-01   1.033254e+00   1.001941e+00   1.005971e+00
 9414  9.980038e-01   9.982842e-01   9.980127e-01   9.980665e-01
 9496  9.980038e-01   9.980050e-01   9.980040e-01   9.980041e-01
 9578  9.980038e-01   9.980038e-01   9.980038e-01   9.980038e-01
 9834  9.980038e-01   4.925602e+02   4.057241e+02   3.139974e+02
 9932  9.980038e-01   2.038640e+02   3.264009e+01   6.358013e+01
10034  9.980038e-01   1.550394e+01   5.649649e+00   6.763930e+00
10108  9.980038e-01   4.963730e+00   1.417769e+00   2.394808e+00
10164  9.980038e-01   1.300872e+00   1.026488e+00   1.073924e+00
10266  9.980038e-01   9.998690e-01   9.980965e-01   9.983141e-01
10324  9.980038e-01   9.980315e-01   9.980054e-01   9.980107e-01
10408  9.980038e-01   9.980041e-01   9.980038e-01   9.980039e-01
10664  9.980038e-01   4.999431e+02   4.957354e+02   4.052669e+02
10770  9.980038e-01   4.307792e+02   1.605066e+02   1.924591e+02
10832  9.980038e-01   5.078108e+01   1.746826e+01   2.089240e+01
10926  9.980038e-01   1.088374e+01   5.071998e+00   5.873466e+00
10994  9.980038e-01   4.122087e+00   1.136793e+00   1.934214e+00
11056  9.980038e-01   1.031803e+00   1.000818e+00   1.005888e+00
11124  9.980038e-01   9.982744e-01   9.980287e-01   9.980717e-01
11222  9.980038e-01   9.980064e-01   9.980040e-01   9.980044e-01
11318  9.980038e-01   9.980038e-01   9.980038e-01   9.980038e-01
11600  9.980038e-01   4.544267e+02   9.197736e+01   1.776579e+02
11684  9.980038e-01   1.968896e+01   1.115748e+01   1.091564e+01
11754  9.980038e-01   9.467588e+00   3.176979e+00   3.641926e+00
11828  9.980038e-01   1.841898e+00   1.040108e+00   1.119466e+00
11874  9.980038e-01   1.031692e+00   1.000245e+00   1.006749e+00
11940  9.980038e-01   9.984031e-01   9.980388e-01   9.980938e-01
12064  9.980038e-01   9.980052e-01   9.980041e-01   9.980041e-01
12158  9.980038e-01   9.980039e-01   9.980038e-01   9.980038e-01
12420  9.980038e-01   4.980909e+02   4.833331e+02   3.682988e+02
12518  9.980038e-01   3.700379e+02   6.855183e+01   1.260175e+02
12622  9.980038e-01   1.695378e+01   1.197429e+01   1.042710e+01
12714  9.980038e-01   1.048320e+01   4.197866e+00   4.729147e+00
12892  9.980038e-01   1.031182e+00   1.002646e+00   1.006453e+00
13018  9.980038e-01   9.980345e-01   9.980065e-01   9.980112e-01
13102  9.980038e-01   9.980041e-01   9.980039e-01   9.980039e-01
13346  9.980038e-01   4.999987e+02   4.979644e+02   3.933494e+02
13416  9.980038e-01   4.684593e+02   3.564133e+02   2.451325e+02
13480  9.980038e-01   5.975651e+01   1.645488e+01   1.911712e+01
13540  9.980038e-01   1.292869e+01   7.996577e+00   7.229564e+00
13634  9.980038e-01   4.962784e+00   2.982731e+00   2.828459e+00
13776  9.980038e-01   1.031448e+00   9.992329e-01   1.006873e+00
13852  9.980038e-01   9.984190e-01   9.981301e-01   9.981412e-01
13900  9.980038e-01   9.980943e-01   9.980128e-01   9.980295e-01
14000  9.980038e-01   9.980044e-01   9.980039e-01   9.980040e-01
14284  9.980038e-01   4.999995e+02   4.971541e+02   3.969614e+02
14358  9.980038e-01   4.786283e+02   2.480772e+02   2.459739e+02
14430  9.980038e-01   4.636789e+01   1.033980e+01   1.338724e+01
14482  9.980038e-01   8.236342e+00   4.951006e+00   4.581952e+00
14594  9.980038e-01   2.345134e+00   1.047263e+00   1.281314e+00
14712  9.980038e-01   9.991611e-01   9.980676e-01   9.982296e-01
14782  9.980038e-01   9.980225e-01   9.980050e-01   9.980070e-01
14878  9.980038e-01   9.980039e-01   9.980038e-01   9.980038e-01
15144  9.980038e-01   4.978515e+02   4.425121e+02   3.310727e+02
15212  9.980038e-01   3.382023e+02   1.026704e+02   1.382475e+02
15258  9.980038e-01   6.690633e+01   2.029645e+01   2.554262e+01
15312  9.980038e-01   1.631295e+01   8.254104e+00   9.039527e+00
15390  9.980038e-01   6.843158e+00   4.542892e+00   3.899656e+00
15418  9.980038e-01   4.961779e+00   2.084717e+00   2.438510e+00
15498  9.980038e-01   1.105356e+00   1.014888e+00   1.030397e+00
15592  9.980038e-01   9.981683e-01   9.980224e-01   9.980455e-01
15668  9.980038e-01   9.980067e-01   9.980042e-01   9.980046e-01
15774  9.980038e-01   9.980039e-01   9.980038e-01   9.980038e-01
16042  9.980038e-01   4.974748e+02   3.476619e+02   2.800437e+02
16094  9.980038e-01   1.259481e+02   2.142388e+01   3.198711e+01
16176  9.980038e-01   1.456306e+01   7.534638e+00   8.092400e+00
16294  9.980038e-01   3.782412e+00   1.019354e+00   1.717963e+00
16408  9.980038e-01   9.981685e-01   9.980254e-01   9.980507e-01
16454  9.980038e-01   9.980226e-01   9.980067e-01   9.980098e-01
16520  9.980038e-01   9.980053e-01   9.980041e-01   9.980042e-01
16590  9.980038e-01   9.980040e-01   9.980038e-01   9.980038e-01
16818  9.980038e-01   4.999992e+02   4.980655e+02   4.127332e+02
16926  9.980038e-01   4.189682e+02   1.294580e+02   1.647123e+02
17026  9.980038e-01   2.436956e+01   1.682888e+01   1.503484e+01
17172  9.980038e-01   8.285349e+00   4.950492e+00   4.032570e+00
17240  9.980038e-01   2.982227e+00   1.022702e+00   1.328775e+00
17340  9.980038e-01   1.001291e+00   9.981677e-01   9.986569e-01
17390  9.980038e-01   9.980800e-01   9.980050e-01   9.980144e-01
17442  9.980038e-01   9.980054e-01   9.980039e-01   9.980041e-01
17496  9.980038e-01   9.980039e-01   9.980038e-01   9.980038e-01
17750  9.980038e-01   4.976999e+02   4.438776e+02   3.063533e+02
17826  9.980038e-01   2.247404e+02   6.200990e+01   8.137160e+01
17940  9.980038e-01   1.423038e+01   7.583495e+00   7.320655e+00
18036  9.980038e-01   3.596288e+00   2.008846e+00   2.112221e+00
18132  9.980038e-01   1.370727e+00   1.014807e+00   1.061253e+00
18218  9.980038e-01   1.004389e+00   9.981263e-01   9.994242e-01
18260  9.980038e-01   9.984464e-01   9.980274e-01   9.980963e-01
18340  9.980038e-01   9.980044e-01   9.980039e-01   9.980040e-01
18388  9.980038e-01   9.980039e-01   9.980038e-01   9.980038e-01
18628  9.980038e-01   4.999875e+02   4.967998e+02   4.265366e+02
18738  9.980038e-01   4.339001e+02   2.437336e+02   2.105704e+02
18836  9.980038e-01   5.973696e+01   1.594847e+01   1.964706e+01
18940  9.980038e-01   5.741795e+00   2.528915e+00   2.937211e+00
19052  9.980038e-01   1.992060e+00   1.059314e+00   1.173732e+00
19110  9.980038e-01   1.031199e+00   1.003157e+00   1.006999e+00
19202  9.980038e-01   9.980188e-01   9.980055e-01   9.980072e-01
19298  9.980038e-01   9.980039e-01   9.980038e-01   9.980038e-01
19538  9.980038e-01   4.980077e+02   4.621268e+02   3.366561e+02
19606  9.980038e-01   3.232425e+02   3.561924e+01   9.840572e+01
19646  9.980038e-01   3.073150e+01   1.228077e+01   1.336789e+01
19724  9.980038e-01   9.021410e+00   5.928979e+00   4.862890e+00
19812  9.980038e-01   3.106528e+00   1.993502e+00   1.919873e+00
19884  9.980038e-01   1.993881e+00   1.101365e+00   1.309452e+00
19932  9.980038e-01   1.104431e+00   1.013380e+00   1.029731e+00
20056  9.980038e-01   9.981352e-01   9.980139e-01   9.980388e-01
20148  9.980038e-01   9.980049e-01   9.980041e-01   9.980041e-01
20204  9.980038e-01   9.980040e-01   9.980038e-01   9.980038e-01
20436  9.980038e-01   4.999974e+02   4.977366e+02   4.231158e+02
20510  9.980038e-01   4.950312e+02   4.213279e+02   3.174840e+02
20594  9.980038e-01   2.395435e+02   3.637270e+01   7.644019e+01
20654  9.980038e-01   2.711675e+01   1.313373e+01   1.334611e+01
20738  9.980038e-01   7.887198e+00   4.961382e+00   4.225654e+00
20810  9.980038e-01   2.915099e+00   1.086792e+00   1.421906e+00
20902  9.980038e-01   1.009736e+00   9.987901e-01   1.001178e+00
20972  9.980038e-01   9.981803e-01   9.980270e-01   9.980535e-01
21092  9.980038e-01   9.980041e-01   9.980039e-01   9.980039e-01
21372  9.980038e-01   4.994222e+02   4.955327e+02   3.886425e+02
21446  9.980038e-01   4.582955e+02   1.625940e+02   2.024352e+02
21504  9.980038e-01   7.194766e+01   2.170163e+01   2.797802e+01
21586  9.980038e-01   1.465531e+01   5.411600e+00   6.828204e+00
21678  9.980038e-01   4.485874e+00   2.416994e+00   2.424445e+00
21740  9.980038e-01   2.071079e+00   1.163321e+00   1.355306e+00
21790  9.980038e-01   1.059320e+00   1.002123e+00   1.011459e+00
21866  9.980038e-01   9.990938e-01   9.981716e-01   9.982912e-01
21920  9.980038e-01   9.980882e-01   9.980219e-01   9.980295e-01
21962  9.980038e-01   9.980240e-01   9.980092e-01   9.980110e-01
22024  9.980038e-01   9.980063e-01   9.980045e-01   9.980046e-01
22326  9.980038e-01   4.999702e+02   4.958485e+02   3.721739e+02
22422  9.980038e-01   1.455240e+02   2.400434e+01   4.298156e+01
22508  9.980038e-01   1.479381e+01   1.076480e+01   9.175723e+00
22632  9.980038e-01   5.234929e+00   3.080878e+00   3.016766e+00
22718  9.980038e-01   1.311849e+00   1.037169e+00   1.077939e+00
22794  9.980038e-01   1.007266e+00   9.982939e-01   9.998581e-01
22908  9.980038e-01   9.980073e-01   9.980041e-01   9.980047e-01
23058  9.980038e-01   9.980038e-01   9.980038e-01   9.980038e-01
23294  9.980038e-01   4.241869e+02   1.758376e+02   1.924248e+02
23382  9.980038e-01   6.331868e+01   2.045477e+01   2.292575e+01
23462  9.980038e-01   1.490353e+01   3.181555e+00   4.952900e+00
23496  9.980038e-01   4.976203e+00   2.586211e+00   2.593681e+00
23584  9.980038e-01   1.228004e+00   1.007945e+00   1.053524e+00
23690  9.980038e-01   9.987606e-01   9.981122e-01   9.981964e-01
23760  9.980038e-01   9.980356e-01   9.980156e-01   9.980155e-01
23862  9.980038e-01   9.980053e-01   9.980042e-01   9.980044e-01
23964  9.980038e-01   9.980039e-01   9.980038e-01   9.980038e-01
24222  9.980038e-01   4.936884e+02   4.153975e+02   2.857338e+02
24312  9.980038e-01   2.965805e+01   1.465073e+01   1.467560e+01
24418  9.980038e-01   6.617119e+00   4.037151e+00   3.737906e+00
24536  9.980038e-01   2.040675e+00   1.074143e+00   1.375474e+00
24636  9.980038e-01   1.009885e+00   9.983260e-01   1.000995e+00
24750  9.980038e-01   9.980225e-01   9.980043e-01   9.980072e-01
24804  9.980038e-01   9.980041e-01   9.980039e-01   9.980039e-01
25072  9.980038e-01   4.999792e+02   4.949577e+02   3.662206e+02
25144  9.980038e-01   3.923543e+02   8.274268e+01   1.223366e+02
25228  9.980038e-01   1.568328e+01   5.936954e+00   7.411360e+00
25314  9.980038e-01   3.527059e+00   2.054460e+00   2.098464e+00
25364  9.980038e-01   2.057850e+00   1.082585e+00   1.324537e+00
25460  9.980038e-01   1.008491e+00   9.986089e-01   1.000774e+00
25534  9.980038e-01   9.981803e-01   9.980695e-01   9.980711e-01
25634  9.980038e-01   9.980042e-01   9.980038e-01   9.980039e-01
25892  9.980038e-01   4.999250e+02   4.968118e+02   4.263661e+02
25980  9.980038e-01   4.547977e+02   1.641107e+02   1.918058e+02
26040  9.980038e-01   8.310677e+01   2.264060e+01   2.752681e+01
26104  9.980038e-01   1.494459e+01   5.982178e+00   7.057557e+00
26164  9.980038e-01   4.959788e+00   2.996263e+00   2.969722e+00
26250  9.980038e-01   2.052001e+00   1.344144e+00   1.496221e+00
26302  9.980038e-01   1.086349e+00   1.011585e+00   1.017405e+00
26360  9.980038e-01   1.004388e+00   9.980893e-01   9.991202e-01
26418  9.980038e-01   9.980493e-01   9.980043e-01   9.980108e-01
26498  9.980038e-01   9.980039e-01   9.980038e-01   9.980038e-01
26728  9.980038e-01   4.999994e+02   4.977023e+02   3.794477e+02
26794  9.980038e-01   4.667594e+02   1.278903e+02   1.748882e+02
26842  9.980038e-01   8.737929e+01   1.388571e+01   2.128671e+01
26904  9.980038e-01   9.789308e+00   5.137410e+00   5.305398e+00
26998  9.980038e-01   3.968759e+00   2.982105e+00   2.533125e+00
27146  9.980038e-01   1.847344e+00   1.015531e+00   1.080804e+00
27224  9.980038e-01   9.983414e-01   9.980220e-01   9.980881e-01
27354  9.980038e-01   9.980041e-01   9.980039e-01   9.980039e-01
27650  9.980038e-01   4.972316e+02   4.759377e+02   3.632670e+02
27734  9.980038e-01   2.640186e+02   8.492527e+01   9.840897e+01
27806  9.980038e-01   3.574581e+01   1.766690e+01   1.748182e+01
27878  9.980038e-01   1.073052e+01   6.086545e+00   6.169305e+00
27954  9.980038e-01   4.972221e+00   2.227095e+00   2.643167e+00
28014  9.980038e-01   1.042467e+00   1.003709e+00   1.010498e+00
28082  9.980038e-01   9.982470e-01   9.980366e-01   9.980710e-01
28166  9.980038e-01   9.980064e-01   9.980045e-01   9.980047e-01
28226  9.980038e-01   9.980041e-01   9.980038e-01   9.980039e-01
28274  9.980038e-01   9.980038e-01   9.980038e-01   9.980038e-01
28536  9.980038e-01   4.944184e+02   3.975247e+02   3.089799e+02
28582  9.980038e-01   3.938170e+02   8.030106e+01   1.306819e+02
28652  9.980038e-01   2.882620e+01   1.409867e+01   1.221078e+01
28726  9.980038e-01   3.759434e+00   2.029055e+00   2.185361e+00
28798  9.980038e-01   1.995312e+00   1.025277e+00   1.275548e+00
28884  9.980038e-01   9.983897e-01   9.980136e-01   9.980785e-01
28992  9.980038e-01   9.980040e-01   9.980038e-01   9.980038e-01
29216  9.980038e-01   4.999993e+02   4.980624e+02   4.056727e+02
29306  9.980038e-01   4.795238e+02   1.818353e+02   2.281673e+02
29358  9.980038e-01   1.372602e+02   1.930149e+01   3.736793e+01
29438  9.980038e-01   1.365436e+01   8.545660e+00   8.246934e+00
29526  9.980038e-01   6.679540e+00   4.364105e+00   4.050172e+00
29618  9.980038e-01   3.146953e+00   1.993513e+00   1.793228e+00
29698  9.980038e-01   1.062901e+00   1.015533e+00   1.019649e+00
29770  9.980038e-01   1.001738e+00   9.981263e-01   9.988877e-01
29834  9.980038e-01   9.980097e-01   9.980060e-01   9.980062e-01
29938  9.980038e-01   9.980040e-01   9.980038e-01   9.980038e-01
30168  9.980038e-01   4.999718e+02   4.918246e+02   3.811328e+02
30234  9.980038e-01   4.663669e+02   1.545643e+02   1.799341e+02
30278  9.980038e-01   8.100596e+01   1.805398e+01   2.368655e+01
30324  9.980038e-01   1.830435e+01   1.154209e+01   1.057460e+01
30378  9.980038e-01   1.168769e+01   5.933396e+00   5.538307e+00
30486  9.980038e-01   3.057307e+00   2.004467e+00   1.977436e+00
30600  9.980038e-01   1.126112e+00   1.023537e+00   1.041132e+00
30680  9.980038e-01   9.982140e-01   9.980372e-01   9.980700e-01
30744  9.980038e-01   9.980091e-01   9.980046e-01   9.980054e-01
30822  9.980038e-01   9.980040e-01   9.980038e-01   9.980038e-01
31114  9.980038e-01   4.979609e+02   4.874294e+02   3.717637e+02
31200  9.980038e-01   3.187554e+02   9.531707e+01   1.220548e+02
31266  9.980038e-01   2.615519e+01   1.443799e+01   1.391002e+01
31344  9.980038e-01   1.105746e+01   5.966400e+00   6.250580e+00
31454  9.980038e-01   3.146953e+00   2.076275e+00   1.987632e+00
31580  9.980038e-01   1.009239e+00   9.982486e-01   9.999305e-01
31668  9.980038e-01   9.980361e-01   9.980089e-01   9.980127e-01
31742  9.980038e-01   9.980063e-01   9.980045e-01   9.980046e-01
31822  9.980038e-01   9.980040e-01   9.980038e-01   9.980038e-01
32046  9.980038e-01   4.999995e+02   4.971716e+02   4.005950e+02
32150  9.980038e-01   3.545216e+02   1.227849e+02   1.333967e+02
32220  9.980038e-01   3.696859e+01   1.570717e+01   1.594411e+01
32272  9.980038e-01   1.550400e+01   6.958674e+00   7.603104e+00
32354  9.980038e-01   4.970785e+00   1.134609e+00   2.070227e+00
32412  9.980038e-01   1.042815e+00   1.003522e+00   1.009271e+00
32540  9.980038e-01   9.980108e-01   9.980044e-01   9.980054e-01
32612  9.980038e-01   9.980040e-01   9.980038e-01   9.980038e-01
32862  9.980038e-01   4.999638e+02   4.913182e+02   3.841738e+02
32966  9.980038e-01   3.511793e+02   3.063634e+01   1.094266e+02
33026  9.980038e-01   2.428588e+01   1.385012e+01   1.351659e+01
33126  9.980038e-01   9.442590e+00   2.992894e+00   3.764735e+00
33228  9.980038e-01   1.386833e+00   1.040877e+00   1.067566e+00
33286  9.980038e-01   1.003132e+00   9.984504e-01   9.995550e-01
33400  9.980038e-01   9.980438e-01   9.980069e-01   9.980125e-01
33558  9.980038e-01   9.980038e-01   9.980038e-01   9.980038e-01
33800  9.980038e-01   3.851962e+02   7.431503e+01   1.372843e+02
33854  9.980038e-01   5.119126e+01   2.051634e+01   2.321054e+01
33948  9.980038e-01   1.275795e+01   7.045354e+00   7.094584e+00
34032  9.980038e-01   6.903339e+00   3.970324e+00   3.601983e+00
34128  9.980038e-01   2.099623e+00   1.172738e+00   1.424950e+00
34256  9.980038e-01   9.994496e-01   9.980586e-01   9.982121e-01
34318  9.980038e-01   9.980116e-01   9.980043e-01   9.980057e-01
34400  9.980038e-01   9.980039e-01   9.980038e-01   9.980038e-01
34644  9.980038e-01   4.998815e+02   4.931991e+02   3.922656e+02
34714  9.980038e-01   4.231655e+02   1.176818e+02   1.710788e+02
34818  9.980038e-01   1.737446e+01   7.294250e+00   8.224324e+00
34904  9.980038e-01   3.994339e+00   2.109206e+00   2.217992e+00
35004  9.980038e-01   1.032396e+00   1.001350e+00   1.005969e+00
35086  9.980038e-01   9.983566e-01   9.981168e-01   9.981351e-01
35172  9.980038e-01   9.980214e-01   9.980059e-01   9.980082e-01
35274  9.980038e-01   9.980038e-01   9.980038e-01   9.980038e-01
35522  9.980038e-01   4.970287e+02   3.452836e+02   2.759193e+02
35586  9.980038e-01   9.845171e+01   2.202547e+01   3.301503e+01
35626  9.980038e-01   2.381345e+01   1.558953e+01   1.530079e+01
35700  9.980038e-01   1.283648e+01   8.852034e+00   7.737412e+00
35774  9.980038e-01   7.897248e+00   3.927628e+00   4.138614e+00
35876  9.980038e-01   2.306157e+00   1.246218e+00   1.514294e+00
35934  9.980038e-01   1.285636e+00   1.015122e+00   1.070170e+00
36006  9.980038e-01   9.988008e-01   9.980995e-01   9.981776e-01
36100  9.980038e-01   9.980072e-01   9.980046e-01   9.980047e-01
36192  9.980038e-01   9.980039e-01   9.980038e-01   9.980038e-01
36416  9.980038e-01   4.999825e+02   4.963427e+02   3.954722e+02
36486  9.980038e-01   4.588665e+02   1.868378e+02   2.030143e+02
36526  9.980038e-01   1.868378e+02   2.516168e+01   5.648732e+01
36596  9.980038e-01   1.923789e+01   7.713819e+00   8.943840e+00
36664  9.980038e-01   5.791203e+00   3.968250e+00   3.434751e+00
36708  9.980038e-01   3.971475e+00   2.025839e+00   2.177691e+00
36844  9.980038e-01   1.007197e+00   9.980641e-01   9.990796e-01
36988  9.980038e-01   9.980040e-01   9.980038e-01   9.980039e-01
37234  9.980038e-01   4.999994e+02   4.980728e+02   3.915962e+02
37320  9.980038e-01   4.611388e+02   3.032350e+02   2.445872e+02
37380  9.980038e-01   1.843079e+02   1.832270e+01   3.223586e+01
37450  9.980038e-01   1.461071e+01   4.974796e+00   6.794634e+00
37508  9.980038e-01   4.980230e+00   2.604084e+00   2.693189e+00
37614  9.980038e-01   1.021289e+00   1.002599e+00   1.004651e+00
37682  9.980038e-01   9.980869e-01   9.980054e-01   9.980136e-01
37754  9.980038e-01   9.980040e-01   9.980038e-01   9.980038e-01
37844  9.980038e-01   9.980038e-01   9.980038e-01   9.980038e-01
38060  9.980038e-01   4.325228e+02   1.410508e+02   1.905817e+02
38138  9.980038e-01   4.617220e+01   1.758840e+01   1.964666e+01
38204  9.980038e-01   1.573595e+01   9.937762e+00   9.177170e+00
38310  9.980038e-01   5.938642e+00   2.214957e+00   2.965500e+00
38374  9.980038e-01   1.980309e+00   1.031830e+00   1.136110e+00
38472  9.980038e-01   1.006274e+00   9.987313e-01   9.999286e-01
38576  9.980038e-01   9.980704e-01   9.980071e-01   9.980190e-01
38668  9.980038e-01   9.980042e-01   9.980038e-01   9.980039e-01
38716  9.980038e-01   9.980038e-01   9.980038e-01   9.980038e-01
38992  9.980038e-01   4.602797e+02   2.349715e+02   2.382554e+02
39078  9.980038e-01   6.149490e+01   1.923072e+01   2.276723e+01
39152  9.980038e-01   1.358003e+01   5.222229e+00   6.598212e+00
39204  9.980038e-01   4.063925e+00   2.532873e+00   2.376311e+00
39296  9.980038e-01   1.839481e+00   1.017764e+00   1.094730e+00
39376  9.980038e-01   1.000074e+00   9.982651e-01   9.985105e-01
39456  9.980038e-01   9.980482e-01   9.980063e-01   9.980162e-01
39544  9.980038e-01   9.980040e-01   9.980038e-01   9.980039e-01
39636  9.980038e-01   9.980038e-01   9.980038e-01   9.980038e-01
39846  9.980038e-01   4.959706e+02   3.013471e+02   2.633003e+02
39888  9.980038e-01   3.004128e+02   9.365342e+01   1.163860e+02
39936  9.980038e-01   1.542894e+02   1.899211e+01   4.566368e+01
39990  9.980038e-01   1.951574e+01   9.811565e+00   9.383030e+00
40058  9.980038e-01   6.150636e+00   3.237066e+00   3.348418e+00
40142  9.980038e-01   2.016356e+00   1.033254e+00   1.223886e+00
40210  9.980038e-01   1.015347e+00   9.993252e-01   1.002627e+00
40324  9.980038e-01   9.980794e-01   9.980111e-01   9.980314e-01
40436  9.980038e-01   9.980039e-01   9.980038e-01   9.980038e-01
40672  9.980038e-01   4.981422e+02   4.926468e+02   3.823918e+02
40748  9.980038e-01   4.732831e+02   2.105142e+02   2.268896e+02
40792  9.980038e-01   1.653579e+02   2.306939e+01   4.059846e+01
40854  9.980038e-01   1.460701e+01   7.907343e+00   7.978670e+00
40930  9.980038e-01   6.655310e+00   3.986188e+00   3.795801e+00
41030  9.980038e-01   2.982248e+00   1.216740e+00   1.640024e+00
41120  9.980038e-01   1.024103e+00   1.004660e+00   1.006467e+00
41208  9.980038e-01   9.982743e-01   9.980339e-01   9.980839e-01
41250  9.980038e-01   9.980507e-01   9.980080e-01   9.980136e-01
41336  9.980038e-01   9.980049e-01   9.980040e-01   9.980041e-01
41406  9.980038e-01   9.980038e-01   9.980038e-01   9.980038e-01
41668  9.980038e-01   4.977384e+02   4.844517e+02   4.058058e+02
41734  9.980038e-01   4.745136e+02   3.893970e+02   3.090197e+02
41812  9.980038e-01   2.074617e+02   3.703046e+01   7.964513e+01
41910  9.980038e-01   5.944287e+00   3.172691e+00   3.138312e+00
41976  9.980038e-01   1.324214e+00   1.030870e+00   1.073302e+00
42054  9.980038e-01   1.013274e+00   9.987764e-01   1.001447e+00
42134  9.980038e-01   9.980848e-01   9.980131e-01   9.980276e-01
42202  9.980038e-01   9.980062e-01   9.980040e-01   9.980044e-01
42280  9.980038e-01   9.980038e-01   9.980038e-01   9.980038e-01
42542  9.980038e-01   4.945411e+02   4.228153e+02   3.181029e+02
42604  9.980038e-01   3.772814e+02   4.900944e+01   1.204912e+02
42670  9.980038e-01   1.923445e+01   1.280492e+01   1.133537e+01
42722  9.980038e-01   1.280492e+01   5.980442e+00   6.590716e+00
42834  9.980038e-01   1.992129e+00   1.048846e+00   1.152864e+00
42926  9.980038e-01   9.981562e-01   9.980147e-01   9.980433e-01
43016  9.980038e-01   9.980042e-01   9.980039e-01   9.980039e-01
43292  9.980038e-01   4.999962e+02   4.970583e+02   4.038191e+02
43370  9.980038e-01   4.310558e+02   2.391042e+02   2.102905e+02
43408  9.980038e-01   2.576321e+02   5.000144e+01   8.073396e+01
43472  9.980038e-01   2.526464e+01   1.029449e+01   1.231874e+01
43548  9.980038e-01   1.029449e+01   7.874276e+00   6.845137e+00
43624  9.980038e-01   6.391244e+00   4.955180e+00   3.969913e+00
43688  9.980038e-01   3.566318e+00   1.101079e+00   1.736308e+00
43740  9.980038e-01   1.168241e+00   1.025184e+00   1.044593e+00
43776  9.980038e-01   1.043398e+00   1.011517e+00   1.012331e+00
43854  9.980038e-01   1.000956e+00   9.984764e-01   9.990246e-01
43906  9.980038e-01   9.983964e-01   9.980830e-01   9.981433e-01
43994  9.980038e-01   9.980156e-01   9.980080e-01   9.980083e-01
44104  9.980038e-01   9.980041e-01   9.980038e-01   9.980039e-01
44356  9.980038e-01   4.999993e+02   4.974171e+02   4.193120e+02
44464  9.980038e-01   4.206688e+02   1.556948e+02   1.817299e+02
44510  9.980038e-01   1.363803e+02   3.086773e+01   5.030179e+01
44596  9.980038e-01   1.923401e+01   1.138659e+01   1.026453e+01
44670  9.980038e-01   1.061869e+01   4.950775e+00   4.458917e+00
44770  9.980038e-01   1.225796e+00   1.047711e+00   1.069287e+00
44888  9.980038e-01   9.988714e-01   9.980983e-01   9.982345e-01
44958  9.980038e-01   9.980252e-01   9.980072e-01   9.980100e-01
44998  9.980038e-01   9.980060e-01   9.980044e-01   9.980047e-01
45086  9.980038e-01   9.980040e-01   9.980038e-01   9.980038e-01
45350  9.980038e-01   4.982329e+02   4.913905e+02   3.695770e+02
45440  9.980038e-01   4.088814e+02   1.117846e+02   1.532026e+02
45490  9.980038e-01   5.608181e+01   2.385369e+01   2.370778e+01
45576  9.980038e-01   1.475047e+01   5.986424e+00   6.996559e+00
45654  9.980038e-01   4.950636e+00   2.256263e+00   2.701122e+00
45786  9.980038e-01   1.031803e+00   9.987449e-01   1.003863e+00
45910  9.980038e-01   9.980089e-01   9.980050e-01   9.980055e-01
45988  9.980038e-01   9.980041e-01   9.980039e-01   9.980039e-01
46038  9.980038e-01   9.980039e-01   9.980038e-01   9.980038e-01
46294  9.980038e-01   4.998095e+02   4.728889e+02   3.301537e+02
46360  9.980038e-01   3.538912e+02   1.332928e+02   1.347357e+02
46412  9.980038e-01   1.067037e+02   2.131596e+01   3.306801e+01
46476  9.980038e-01   1.739084e+01   6.094175e+00   7.850535e+00
46540  9.980038e-01   5.124077e+00   4.179703e+00   3.505420e+00
46618  9.980038e-01   2.582304e+00   1.054661e+00   1.372119e+00
46718  9.980038e-01   1.003874e+00   9.984072e-01   9.992416e-01
46780  9.980038e-01   9.981366e-01   9.980279e-01   9.980498e-01
46868  9.980038e-01   9.980069e-01   9.980043e-01   9.980049e-01
46930  9.980038e-01   9.980039e-01   9.980038e-01   9.980038e-01
47158  9.980038e-01   4.999676e+02   4.958374e+02   3.950531e+02
47232  9.980038e-01   4.646291e+02   2.864869e+02   2.321089e+02
47322  9.980038e-01   2.502205e+01   1.550428e+01   1.373380e+01
47388  9.980038e-01   9.671514e+00   4.953967e+00   4.763449e+00
47462  9.980038e-01   3.116321e+00   1.170879e+00   1.635946e+00
47546  9.980038e-01   1.018297e+00   9.988945e-01   1.003437e+00
47620  9.980038e-01   9.982842e-01   9.980614e-01   9.980922e-01
47654  9.980038e-01   9.980665e-01   9.980091e-01   9.980215e-01
47712  9.980038e-01   9.980053e-01   9.980040e-01   9.980042e-01
47770  9.980038e-01   9.980040e-01   9.980038e-01   9.980038e-01
48020  9.980038e-01   4.999667e+02   4.917684e+02   3.986974e+02
48118  9.980038e-01   4.122145e+02   2.436037e+02   2.093189e+02
48224  9.980038e-01   2.782123e+01   1.456363e+01   1.428832e+01
48286  9.980038e-01   1.420257e+01   6.001445e+00   6.938821e+00
48332  9.980038e-01   6.023258e+00   2.760435e+00   3.028043e+00
48402  9.980038e-01   2.163999e+00   1.020910e+00   1.241805e+00
48524  9.980038e-01   9.982309e-01   9.980413e-01   9.980654e-01
48578  9.980038e-01   9.980145e-01   9.980044e-01   9.980060e-01
48654  9.980038e-01   9.980040e-01   9.980038e-01   9.980038e-01
48790  9.980038e-01   9.980038e-01   9.980038e-01   9.980038e-01
48970  9.980038e-01   4.813624e+02   3.781958e+02   2.902045e+02
49062  9.980038e-01   1.611382e+02   3.002958e+01   5.170775e+01
49146  9.980038e-01   1.864083e+01   1.357483e+01   1.161080e+01
49208  9.980038e-01   1.296204e+01   6.020678e+00   6.890928e+00
49274  9.980038e-01   6.141802e+00   3.028819e+00   3.161299e+00
49342  9.980038e-01   2.030903e+00   1.040883e+00   1.256394e+00
49402  9.980038e-01   1.015795e+00   9.992256e-01   1.002351e+00
49494  9.980038e-01   9.980869e-01   9.980280e-01   9.980353e-01
49614  9.980038e-01   9.980049e-01   9.980040e-01   9.980041e-01
49758  9.980038e-01   9.980038e-01   9.980038e-01   9.980038e-01
49976  9.980038e-01   4.954320e+02   3.146434e+02   2.542842e+02
50000  9.980038e-01   4.430359e+02   1.374010e+02   1.730798e+02
50000  9.980038e-01   4.430359e+02   1.374010e+02   1.730798e+02
P0: -32.031000    P1: -32.023000    

Mean Soln: 9.980038e-01    Sigma: NaN
Lowest:  9.980038e-01

Mean Extra (EXPTS): 0.998004    Sigma: NaN
Lowest Extra:  0.998004

Mean Trials: 0.000000    None Solved

 *** THERE WERE 0 SUCCESSES.

