Test function selected: f1
Encoding Selected: BCD
Standard function selected. No Complexity Option.
Number of parameters: 3
P:0 Length: 10
P:1 Length: 10
P:2 Length: 10


PoolSize            50
LengthString        30
Trials              200000
GenerationCurrent   0
RandomSeed          123987654
Bias                1.000000
MutateRate          0.350000
OutfileDump         dump
StatusInterval      100
NodeFile            f1
Experiments         30
CutOff              0.000001
NumPop              1
SwapInterval        1000000
SwapNumber          0

Trial   Bst           Wst           Median        Avg
    0  4.821900e+00   5.310780e+01   2.569380e+01   2.779337e+01
 1528  0.000000e+00   6.000000e-04   2.000000e-04   2.960000e-04
P0: 0.000000    P1: 0.000000    P2: 0.000000    
    0  2.230900e+00   5.525540e+01   2.484650e+01   2.592066e+01
 2486  1.000000e-04   7.000000e-03   2.900000e-03   3.096000e-03
 3604  1.000000e-04   1.200000e-03   6.000000e-04   6.360000e-04
 4960  1.000000e-04   3.400000e-03   2.000000e-03   1.842000e-03
 6038  1.000000e-04   6.010000e-02   2.280000e-02   2.768600e-02
 7176  1.000000e-04   6.990000e-02   3.650000e-02   3.456200e-02
 8662  1.000000e-04   2.497000e-01   1.107000e-01   1.215500e-01
10020  1.000000e-04   1.837000e-01   9.140000e-02   8.936000e-02
11582  1.000000e-04   5.444000e-01   3.121000e-01   3.196280e-01
13068  1.000000e-04   1.740500e+00   1.046700e+00   1.004750e+00
14236  1.000000e-04   4.755500e+00   2.681400e+00   2.408258e+00
15714  1.000000e-04   1.799000e+00   8.345000e-01   8.882959e-01
17186  1.000000e-04   1.862000e-01   8.160000e-02   9.516000e-02
18680  1.000000e-04   2.354000e-01   1.745000e-01   1.403260e-01
20462  1.000000e-04   7.710000e-01   4.997000e-01   4.501180e-01
21746  1.000000e-04   3.465300e+00   1.867700e+00   1.856666e+00
23218  1.000000e-04   1.437980e+01   8.265600e+00   8.119081e+00
24478  1.000000e-04   1.851300e+01   1.168420e+01   1.076825e+01
25730  1.000000e-04   2.125010e+01   1.217490e+01   1.092041e+01
27036  1.000000e-04   2.000000e-04   2.000000e-04   1.500000e-04
28044  1.000000e-04   5.000000e-04   2.000000e-04   2.400000e-04
29160  1.000000e-04   4.600000e-03   2.600000e-03   2.412000e-03
30598  1.000000e-04   1.970000e-02   1.100000e-02   1.094800e-02
30742  0.000000e+00   3.800000e-03   2.100000e-03   2.038000e-03
P0: 0.000000    P1: 0.000000    P2: 0.000000    
    0  6.465000e-01   5.878100e+01   2.753580e+01   2.869585e+01
 2224  1.000000e-04   2.000000e-04   1.000000e-04   1.280000e-04
 3552  1.000000e-04   1.400000e-03   6.000000e-04   7.120000e-04
 4966  1.000000e-04   6.900000e-03   4.100000e-03   4.038000e-03
 6572  1.000000e-04   1.298000e-01   7.170000e-02   6.534600e-02
 8146  1.000000e-04   3.690000e-02   1.380000e-02   1.691800e-02
 9504  1.000000e-04   3.290000e-02   1.770000e-02   1.686800e-02
10802  1.000000e-04   4.826000e-01   1.766000e-01   1.960620e-01
12076  1.000000e-04   6.701000e-01   4.401000e-01   3.966680e-01
13274  1.000000e-04   5.553000e-01   2.562000e-01   2.860640e-01
14380  1.000000e-04   9.233000e-01   3.754000e-01   4.065000e-01
15660  1.000000e-04   9.044000e-01   5.618000e-01   5.144580e-01
16964  1.000000e-04   1.881000e-01   8.750000e-02   9.022199e-02
18094  1.000000e-04   9.602000e-01   4.742000e-01   4.971120e-01
19162  1.000000e-04   3.771300e+00   2.664100e+00   2.282004e+00
20618  1.000000e-04   1.085310e+01   6.898100e+00   6.420410e+00
22412  1.000000e-04   2.000000e-04   1.000000e-04   1.380000e-04
23850  1.000000e-04   5.000000e-04   3.000000e-04   3.200000e-04
26422  1.000000e-04   4.800000e-03   2.600000e-03   2.514000e-03
27748  1.000000e-04   1.310000e-02   6.900000e-03   7.012000e-03
28976  1.000000e-04   1.769000e-01   8.460000e-02   8.534000e-02
30022  1.000000e-04   1.082400e+00   7.482000e-01   6.686699e-01
30818  0.000000e+00   2.600000e-03   1.000000e-03   1.148000e-03
P0: 0.000000    P1: 0.000000    P2: 0.000000    
    0  1.494200e+00   5.290740e+01   2.444560e+01   2.335911e+01
 1762  2.000000e-04   5.000000e-04   3.000000e-04   3.280000e-04
 3808  1.000000e-04   2.700000e-03   1.300000e-03   1.352000e-03
 4932  1.000000e-04   3.400000e-03   2.000000e-03   1.802000e-03
 6020  1.000000e-04   2.400000e-03   1.400000e-03   1.258000e-03
 7704  1.000000e-04   2.000000e-04   1.000000e-04   1.480000e-04
 8912  1.000000e-04   8.000000e-04   4.000000e-04   3.820000e-04
10688  0.000000e+00   7.700000e-03   4.500000e-03   4.208000e-03
P0: 0.000000    P1: 0.000000    P2: 0.000000    
    0  6.265000e-01   4.961850e+01   2.658340e+01   2.479214e+01
 1872  4.000000e-04   1.285310e+01   8.540000e+00   7.842078e+00
 3134  1.000000e-04   9.373800e+00   6.869200e+00   5.774264e+00
 4354  1.000000e-04   2.413970e+01   1.849650e+01   1.604468e+01
 5984  1.000000e-04   1.454220e+01   9.149300e+00   8.485708e+00
 7528  1.000000e-04   2.231460e+01   1.171890e+01   1.243790e+01
 8714  1.000000e-04   2.618100e+01   1.321580e+01   1.396678e+01
 9724  1.000000e-04   3.000000e-04   2.000000e-04   1.660000e-04
11400  0.000000e+00   9.000000e-04   4.000000e-04   4.120000e-04
P0: 0.000000    P1: 0.000000    P2: 0.000000    
    0  2.589000e+00   5.403260e+01   2.390520e+01   2.346931e+01
 2852  3.000000e-04   8.400000e-03   4.900000e-03   4.550000e-03
 4232  3.000000e-04   1.642000e-01   8.140000e-02   8.676400e-02
 5384  3.000000e-04   1.668400e+00   1.084500e+00   9.410920e-01
 7446  3.000000e-04   4.068600e+00   2.518100e+00   2.340028e+00
 8892  3.000000e-04   3.839800e+00   2.187300e+00   2.117964e+00
10178  3.000000e-04   9.571400e+00   5.942600e+00   5.521206e+00
12038  3.000000e-04   1.027860e+01   6.809100e+00   6.468044e+00
13420  3.000000e-04   9.000000e-04   6.000000e-04   5.640000e-04
14452  3.000000e-04   6.000000e-04   3.000000e-04   4.200000e-04
15810  3.000000e-04   5.400000e-03   2.700000e-03   2.774000e-03
16496  3.000000e-04   4.910000e-02   2.340000e-02   2.486200e-02
17828  3.000000e-04   1.442000e-01   7.340000e-02   7.008200e-02
18902  3.000000e-04   9.380000e-02   5.230000e-02   4.954200e-02
20272  3.000000e-04   1.715000e-01   1.009000e-01   9.429600e-02
22194  3.000000e-04   3.881000e-01   2.296000e-01   2.172440e-01
23554  3.000000e-04   9.016000e-01   5.326000e-01   5.051860e-01
25286  2.000000e-04   6.036300e+00   3.068600e+00   2.975682e+00
26960  2.000000e-04   6.000000e-04   3.000000e-04   3.700000e-04
28328  2.000000e-04   3.060000e-02   1.380000e-02   1.492000e-02
29456  2.000000e-04   6.600000e-02   4.220000e-02   3.913200e-02
30492  2.000000e-04   2.180000e-02   1.210000e-02   1.208000e-02
31928  2.000000e-04   1.010000e-02   5.100000e-03   5.244000e-03
33274  2.000000e-04   2.060000e-02   1.380000e-02   1.221800e-02
34604  2.000000e-04   1.860000e-02   9.900000e-03   9.760000e-03
35704  2.000000e-04   2.090000e-02   1.170000e-02   1.157400e-02
37728  2.000000e-04   3.120000e-02   1.980000e-02   1.770200e-02
39128  2.000000e-04   1.277000e-01   6.160000e-02   6.049000e-02
40210  2.000000e-04   1.441000e-01   8.190000e-02   8.348799e-02
41452  2.000000e-04   1.049000e-01   5.180000e-02   5.236000e-02
42568  2.000000e-04   7.730000e-02   4.260000e-02   4.002400e-02
44246  2.000000e-04   1.464000e-01   7.450000e-02   7.686200e-02
45592  2.000000e-04   2.131000e-01   1.139000e-01   1.073540e-01
46734  2.000000e-04   2.055500e+00   1.311700e+00   1.232786e+00
47854  2.000000e-04   8.750700e+00   4.198800e+00   4.358830e+00
49178  2.000000e-04   1.300500e+00   5.465000e-01   5.716620e-01
50508  2.000000e-04   3.134900e+00   2.280000e+00   1.977128e+00
51806  2.000000e-04   6.419400e+00   4.257900e+00   3.912248e+00
54176  2.000000e-04   3.345300e+00   2.295600e+00   1.988270e+00
55382  2.000000e-04   2.280200e+00   1.334700e+00   1.225582e+00
57254  2.000000e-04   6.568500e+00   3.123800e+00   3.255962e+00
58182  2.000000e-04   3.328130e+01   2.090250e+01   1.916004e+01
59132  2.000000e-04   9.000000e-04   6.000000e-04   6.000000e-04
60158  2.000000e-04   4.400000e-03   2.600000e-03   2.608000e-03
61492  2.000000e-04   1.290000e-02   7.200000e-03   7.132000e-03
62728  2.000000e-04   7.300000e-03   3.600000e-03   3.882000e-03
64450  2.000000e-04   4.580000e-02   2.780000e-02   2.731600e-02
65692  2.000000e-04   1.074100e+00   5.061000e-01   5.291420e-01
67216  2.000000e-04   6.629000e-01   3.473000e-01   3.381920e-01
68690  2.000000e-04   1.513100e+00   8.225000e-01   7.701960e-01
70088  2.000000e-04   4.436900e+00   2.947500e+00   2.622058e+00
71584  2.000000e-04   3.601610e+01   1.719980e+01   1.736127e+01
72772  2.000000e-04   2.071690e+01   1.140900e+01   1.104440e+01
73702  2.000000e-04   2.405460e+01   1.372270e+01   1.288623e+01
74880  2.000000e-04   1.026810e+01   6.266100e+00   6.367054e+00
76116  2.000000e-04   2.890610e+01   1.881410e+01   1.688806e+01
77550  2.000000e-04   1.800000e-03   1.100000e-03   1.080000e-03
78998  2.000000e-04   2.970000e-02   1.500000e-02   1.487400e-02
80796  2.000000e-04   8.200000e-03   4.100000e-03   3.974000e-03
81976  2.000000e-04   9.230000e-02   6.210000e-02   5.229400e-02
82908  2.000000e-04   4.274000e-01   1.595000e-01   1.867820e-01
84172  2.000000e-04   2.651600e+00   1.648400e+00   1.594348e+00
85634  2.000000e-04   9.734700e+00   7.192800e+00   6.285436e+00
87020  2.000000e-04   1.100000e-03   6.000000e-04   5.960000e-04
88812  1.000000e-04   1.400000e-03   6.000000e-04   7.000000e-04
90352  1.000000e-04   5.250000e-02   2.860000e-02   2.744600e-02
91554  1.000000e-04   4.363000e-01   2.721000e-01   2.474520e-01
92920  1.000000e-04   1.046800e+00   5.725000e-01   5.774440e-01
94380  1.000000e-04   4.783400e+00   2.663600e+00   2.449654e+00
95432  1.000000e-04   1.291570e+01   7.250600e+00   6.736588e+00
96988  1.000000e-04   2.411600e+01   1.551290e+01   1.469267e+01
98730  1.000000e-04   8.000000e-04   4.000000e-04   3.660000e-04
99908  1.000000e-04   4.200000e-03   2.400000e-03   2.190000e-03
101552  1.000000e-04   5.690000e-02   3.450000e-02   3.204600e-02
102568  1.000000e-04   1.286000e-01   6.300000e-02   6.879200e-02
103694  1.000000e-04   2.516000e-01   1.113000e-01   1.278860e-01
104786  1.000000e-04   2.010500e+00   1.316500e+00   1.171714e+00
106120  1.000000e-04   3.232200e+00   2.251700e+00   2.131298e+00
107590  1.000000e-04   1.184300e+00   5.829000e-01   5.841580e-01
109072  1.000000e-04   1.580900e+00   8.914000e-01   8.716520e-01
110658  1.000000e-04   6.021800e+00   3.473900e+00   3.400306e+00
111726  1.000000e-04   8.575000e+00   4.310200e+00   4.403206e+00
112918  1.000000e-04   4.072500e+00   2.142500e+00   2.143182e+00
114432  1.000000e-04   1.040330e+01   5.657400e+00   5.625760e+00
115732  1.000000e-04   4.678600e+00   2.315600e+00   2.289274e+00
116898  1.000000e-04   2.643860e+01   1.466930e+01   1.419812e+01
118448  1.000000e-04   1.800000e-03   9.000000e-04   9.560000e-04
119536  1.000000e-04   2.220000e-02   8.800000e-03   9.862000e-03
121264  1.000000e-04   3.890000e-02   1.690000e-02   1.967600e-02
122566  1.000000e-04   4.110000e-02   2.220000e-02   2.146000e-02
123888  1.000000e-04   3.854000e-01   1.841000e-01   1.820840e-01
124896  1.000000e-04   1.504800e+00   9.214000e-01   8.712480e-01
125902  1.000000e-04   4.472900e+00   2.220600e+00   2.254772e+00
127178  1.000000e-04   3.841800e+00   2.191400e+00   2.088560e+00
128850  1.000000e-04   7.299700e+00   2.797100e+00   3.261708e+00
129898  1.000000e-04   1.489530e+01   7.083200e+00   7.757640e+00
131046  1.000000e-04   1.120080e+01   6.595800e+00   6.459310e+00
132056  1.000000e-04   1.900000e-03   9.000000e-04   1.032000e-03
133556  1.000000e-04   1.600000e-03   9.000000e-04   7.780000e-04
134772  1.000000e-04   2.000000e-04   1.000000e-04   1.440000e-04
135986  1.000000e-04   1.000000e-02   5.800000e-03   5.412000e-03
137040  1.000000e-04   2.690000e-02   1.200000e-02   1.229400e-02
138028  1.000000e-04   1.360000e-02   6.200000e-03   6.118000e-03
139288  1.000000e-04   7.550000e-02   3.940000e-02   3.926400e-02
141088  1.000000e-04   1.765000e-01   7.860000e-02   8.636799e-02
142180  1.000000e-04   2.010000e-02   1.150000e-02   1.101200e-02
143408  1.000000e-04   2.320000e-02   1.160000e-02   1.199200e-02
144654  1.000000e-04   1.859000e-01   9.310000e-02   9.754800e-02
145748  1.000000e-04   9.700000e-02   4.810000e-02   4.876000e-02
146754  1.000000e-04   1.529000e-01   8.050000e-02   8.090800e-02
148104  1.000000e-04   2.320000e-02   1.050000e-02   1.039600e-02
149300  1.000000e-04   1.660000e-02   8.000000e-03   7.990000e-03
150786  1.000000e-04   8.100000e-02   3.070000e-02   3.436200e-02
152324  1.000000e-04   2.490000e-02   1.570000e-02   1.486400e-02
153506  1.000000e-04   2.906000e-01   1.234000e-01   1.489380e-01
154574  1.000000e-04   9.993000e-01   3.813000e-01   4.159960e-01
155738  1.000000e-04   2.782700e+00   1.636400e+00   1.411436e+00
156988  0.000000e+00   3.700000e-03   1.700000e-03   1.756000e-03
P0: 0.000000    P1: 0.000000    P2: 0.000000    
    0  1.065000e-01   6.250480e+01   2.226030e+01   2.538688e+01
 2438  2.000000e-04   1.000000e-03   8.000000e-04   6.560000e-04
 4120  2.000000e-04   4.500000e-03   2.600000e-03   2.396000e-03
 5616  1.000000e-04   1.460000e-02   7.600000e-03   7.732000e-03
 7108  1.000000e-04   3.210000e-02   1.940000e-02   1.713200e-02
 8654  1.000000e-04   6.350000e-02   2.940000e-02   3.071800e-02
 9892  1.000000e-04   1.700000e-01   7.290000e-02   8.320400e-02
11238  1.000000e-04   4.200000e-02   2.100000e-02   2.244200e-02
12410  1.000000e-04   9.890000e-02   6.170000e-02   5.876000e-02
13824  1.000000e-04   3.137000e-01   1.587000e-01   1.583980e-01
14942  1.000000e-04   5.950000e-01   3.636000e-01   3.384820e-01
16120  1.000000e-04   4.008300e+00   2.616600e+00   2.595190e+00
17396  1.000000e-04   2.500520e+01   1.461390e+01   1.388677e+01
19592  1.000000e-04   2.900000e-03   1.700000e-03   1.436000e-03
19620  0.000000e+00   1.900000e-03   8.000000e-04   8.300000e-04
P0: 0.000000    P1: 0.000000    P2: 0.000000    
    0  3.056500e+00   4.508570e+01   2.294030e+01   2.324367e+01
 2090  0.000000e+00   2.100000e-03   9.000000e-04   9.580000e-04
P0: 0.000000    P1: 0.000000    P2: 0.000000    
    0  2.679700e+00   5.534270e+01   2.680240e+01   2.542387e+01
 1718  2.000000e-04   3.800000e-03   2.500000e-03   2.326000e-03
 3066  2.000000e-04   1.180000e-02   7.500000e-03   6.886000e-03
 4460  2.000000e-04   2.020000e-02   1.060000e-02   1.067800e-02
 5744  2.000000e-04   5.610000e-02   2.760000e-02   2.915400e-02
 7044  2.000000e-04   2.406000e-01   1.570000e-01   1.389700e-01
 8282  2.000000e-04   1.204600e+00   5.734000e-01   5.636880e-01
 9536  2.000000e-04   2.303300e+00   1.096500e+00   1.115954e+00
10706  2.000000e-04   3.530900e+00   2.101400e+00   1.965020e+00
11690  2.000000e-04   9.000000e-04   6.000000e-04   5.140000e-04
13064  2.000000e-04   5.000000e-04   3.000000e-04   3.340000e-04
14484  2.000000e-04   1.100000e-03   6.000000e-04   6.560000e-04
15918  2.000000e-04   2.900000e-03   1.700000e-03   1.646000e-03
16996  2.000000e-04   4.100000e-03   2.400000e-03   2.302000e-03
18320  2.000000e-04   3.410000e-02   1.970000e-02   1.856200e-02
19886  2.000000e-04   7.833000e-01   4.745000e-01   4.136860e-01
21686  2.000000e-04   6.869000e-01   3.885000e-01   3.460000e-01
23180  2.000000e-04   1.522200e+00   8.901000e-01   8.180520e-01
24442  2.000000e-04   3.255000e+00   1.492300e+00   1.506712e+00
25730  2.000000e-04   2.470100e+00   1.011800e+00   1.063192e+00
26754  2.000000e-04   5.982500e+00   3.352200e+00   3.202824e+00
28214  2.000000e-04   3.947500e+00   1.779400e+00   1.786016e+00
29310  2.000000e-04   3.425300e+00   2.204100e+00   1.987244e+00
30654  2.000000e-04   6.005900e+00   3.212900e+00   3.199664e+00
32016  2.000000e-04   9.216600e+00   5.762200e+00   5.057672e+00
33222  2.000000e-04   1.234490e+01   8.723400e+00   8.024280e+00
34970  2.000000e-04   1.658420e+01   9.093400e+00   8.440289e+00
36118  2.000000e-04   1.525500e+01   1.003550e+01   9.257424e+00
37170  2.000000e-04   2.587700e+01   1.525470e+01   1.421194e+01
38188  2.000000e-04   9.000000e-04   5.000000e-04   5.360000e-04
39548  2.000000e-04   7.200000e-03   3.400000e-03   3.640000e-03
40988  2.000000e-04   5.400000e-03   3.000000e-03   2.726000e-03
42550  2.000000e-04   3.180000e-02   1.660000e-02   1.585400e-02
43522  2.000000e-04   4.820000e-02   2.480000e-02   2.339200e-02
45092  2.000000e-04   2.938000e-01   1.386000e-01   1.521940e-01
46226  2.000000e-04   9.717000e-01   5.818000e-01   5.424720e-01
47276  2.000000e-04   3.293600e+00   1.494900e+00   1.584134e+00
48300  2.000000e-04   1.488770e+01   1.012250e+01   9.180910e+00
49382  2.000000e-04   1.700000e-03   1.000000e-03   9.600000e-04
50878  2.000000e-04   1.700000e-03   1.000000e-03   9.600000e-04
52260  2.000000e-04   5.100000e-03   2.900000e-03   2.878000e-03
53468  2.000000e-04   5.900000e-03   3.600000e-03   3.540000e-03
54692  2.000000e-04   5.400000e-03   3.500000e-03   3.242000e-03
56088  2.000000e-04   6.160000e-02   2.750000e-02   2.924400e-02
57166  2.000000e-04   1.310000e-02   6.600000e-03   6.678000e-03
58162  2.000000e-04   5.400000e-03   3.300000e-03   3.278000e-03
59302  2.000000e-04   4.400000e-03   2.100000e-03   2.220000e-03
60712  2.000000e-04   3.800000e-03   1.900000e-03   2.050000e-03
62222  2.000000e-04   6.600000e-03   4.200000e-03   3.810000e-03
63528  2.000000e-04   8.300000e-03   4.100000e-03   4.022000e-03
64538  2.000000e-04   1.800000e-02   8.200000e-03   8.340000e-03
65810  2.000000e-04   2.960000e-02   1.380000e-02   1.405400e-02
66934  2.000000e-04   1.035000e-01   5.660000e-02   5.364600e-02
68168  2.000000e-04   1.700000e-02   8.900000e-03   8.824000e-03
69248  2.000000e-04   1.850000e-02   1.060000e-02   1.001000e-02
70684  2.000000e-04   4.940000e-02   2.780000e-02   2.559000e-02
71708  2.000000e-04   6.730000e-02   4.690000e-02   4.224800e-02
72834  2.000000e-04   9.780000e-02   6.410000e-02   5.817200e-02
74210  2.000000e-04   2.134000e-01   8.460000e-02   1.011620e-01
75348  2.000000e-04   4.226000e-01   1.640000e-01   1.671400e-01
76742  2.000000e-04   2.690000e-01   1.291000e-01   1.308900e-01
77986  2.000000e-04   4.293000e-01   1.805000e-01   2.071600e-01
79604  2.000000e-04   1.686000e-01   9.230000e-02   8.349399e-02
81072  2.000000e-04   5.149000e-01   3.284000e-01   3.031240e-01
82234  2.000000e-04   8.214000e-01   4.507000e-01   4.224020e-01
83438  2.000000e-04   1.060100e+00   4.875000e-01   5.244620e-01
84560  2.000000e-04   1.455400e+00   7.155000e-01   7.681580e-01
87068  1.000000e-04   5.446600e+00   2.587800e+00   2.687814e+00
88320  1.000000e-04   8.575000e+00   5.340200e+00   4.787270e+00
89554  1.000000e-04   1.240650e+01   7.496100e+00   6.747394e+00
90706  0.000000e+00   1.080000e-02   5.300000e-03   5.744000e-03
P0: 0.000000    P1: 0.000000    P2: 0.000000    
    0  5.309000e-01   5.351790e+01   2.461890e+01   2.578416e+01
 1656  3.000000e-04   6.000000e-04   6.000000e-04   4.620000e-04
 2964  3.000000e-04   3.437940e+01   2.092110e+01   1.790994e+01
 4132  3.000000e-04   1.712030e+01   8.649900e+00   9.174490e+00
 6200  3.000000e-04   6.000000e-04   3.000000e-04   4.440000e-04
 7242  3.000000e-04   5.868210e+01   1.865690e+01   2.341191e+01
 8406  3.000000e-04   9.000000e-04   6.000000e-04   5.820000e-04
 9944  3.000000e-04   9.000000e-04   6.000000e-04   5.820000e-04
11168  3.000000e-04   1.700000e-03   9.000000e-04   8.840000e-04
12454  3.000000e-04   1.400000e-03   6.000000e-04   8.000000e-04
13462  3.000000e-04   6.000000e-04   6.000000e-04   4.560000e-04
14792  3.000000e-04   2.900000e-03   1.800000e-03   1.718000e-03
16056  3.000000e-04   3.500000e-03   1.800000e-03   1.982000e-03
17706  3.000000e-04   1.980000e-02   1.070000e-02   1.073200e-02
19230  3.000000e-04   1.658000e-01   9.450000e-02   8.597800e-02
20438  3.000000e-04   4.850000e-01   2.691000e-01   2.793560e-01
21584  3.000000e-04   1.440600e+00   8.297000e-01   7.628660e-01
22852  3.000000e-04   2.809400e+00   1.239500e+00   1.343390e+00
24218  3.000000e-04   1.712600e+00   9.526000e-01   9.305840e-01
25808  3.000000e-04   1.619800e+00   8.568000e-01   8.931260e-01
27238  3.000000e-04   3.081000e-01   1.592000e-01   1.667540e-01
28764  3.000000e-04   2.099000e-01   8.730000e-02   8.974200e-02
30230  3.000000e-04   1.942000e-01   1.139000e-01   1.041200e-01
31646  3.000000e-04   5.106000e-01   2.969000e-01   2.940540e-01
32508  3.000000e-04   3.669200e+00   2.106100e+00   1.952980e+00
33454  3.000000e-04   6.301400e+00   4.124100e+00   3.728198e+00
34450  3.000000e-04   5.950200e+00   3.741900e+00   3.409414e+00
35566  3.000000e-04   1.319940e+01   7.377700e+00   7.372326e+00
36748  3.000000e-04   8.507700e+00   4.212900e+00   4.150122e+00
38430  2.000000e-04   2.782500e+01   1.667330e+01   1.488193e+01
40154  2.000000e-04   2.745650e+01   1.591880e+01   1.489918e+01
41076  2.000000e-04   1.100000e-03   6.000000e-04   5.960000e-04
42746  2.000000e-04   8.300000e-03   4.200000e-03   4.224000e-03
43878  2.000000e-04   1.322000e-01   7.280000e-02   7.012200e-02
44938  2.000000e-04   2.909700e+00   1.705700e+00   1.560006e+00
46656  2.000000e-04   5.939000e+00   3.692100e+00   3.284284e+00
48166  2.000000e-04   1.527500e+00   6.019000e-01   7.021680e-01
49358  2.000000e-04   3.741000e+00   1.973400e+00   1.851286e+00
50922  2.000000e-04   9.014000e-01   4.326000e-01   4.533040e-01
52090  2.000000e-04   2.775300e+00   1.286600e+00   1.424612e+00
54546  2.000000e-04   2.243000e+00   1.292000e+00   1.237806e+00
55778  2.000000e-04   1.691150e+01   1.099950e+01   1.036913e+01
56856  2.000000e-04   5.000000e-04   3.000000e-04   3.060000e-04
58232  2.000000e-04   4.600000e-03   2.500000e-03   2.324000e-03
59710  2.000000e-04   7.000000e-03   4.100000e-03   3.706000e-03
60894  1.000000e-04   1.890000e-02   8.900000e-03   1.002800e-02
62284  1.000000e-04   5.850000e-02   2.330000e-02   2.580000e-02
63546  1.000000e-04   6.690000e-02   3.390000e-02   3.456800e-02
64972  1.000000e-04   2.354000e-01   1.201000e-01   1.267680e-01
66290  1.000000e-04   1.049700e+00   5.329000e-01   5.624820e-01
67448  1.000000e-04   3.147800e+00   1.498900e+00   1.568900e+00
68720  1.000000e-04   6.552600e+00   4.391700e+00   4.005180e+00
70560  1.000000e-04   7.041600e+00   4.621700e+00   4.106010e+00
72192  1.000000e-04   3.928850e+01   2.240170e+01   2.095414e+01
73256  1.000000e-04   9.900000e-03   5.400000e-03   5.338000e-03
74578  1.000000e-04   8.400000e-03   5.000000e-03   4.478000e-03
76156  1.000000e-04   2.210000e-02   1.220000e-02   1.143400e-02
77572  1.000000e-04   8.020000e-02   4.890000e-02   4.764200e-02
78814  1.000000e-04   8.770000e-02   3.980000e-02   4.091200e-02
80428  1.000000e-04   3.273000e-01   1.902000e-01   1.648220e-01
81754  1.000000e-04   7.635000e-01   4.779000e-01   4.429860e-01
83068  1.000000e-04   2.222000e+00   1.119000e+00   1.155410e+00
84178  1.000000e-04   9.750800e+00   5.104200e+00   5.317270e+00
85978  1.000000e-04   2.000000e-04   1.000000e-04   1.340000e-04
87736  1.000000e-04   4.200000e-03   2.100000e-03   2.240000e-03
89204  1.000000e-04   8.300000e-03   4.200000e-03   4.310000e-03
90422  1.000000e-04   7.130000e-02   3.700000e-02   3.527800e-02
91860  1.000000e-04   4.574000e-01   2.445000e-01   2.339540e-01
93944  1.000000e-04   5.180000e-02   2.320000e-02   2.650200e-02
94218  0.000000e+00   1.400000e-03   8.000000e-04   7.640001e-04
P0: 0.000000    P1: 0.000000    P2: 0.000000    
    0  3.980100e+00   5.282440e+01   3.055010e+01   2.808164e+01
 2108  3.000000e-04   1.400000e-03   9.000000e-04   8.800000e-04
 3146  3.000000e-04   4.900000e-03   2.600000e-03   2.654000e-03
 4370  3.000000e-04   5.040000e-02   3.080000e-02   2.863200e-02
 5706  3.000000e-04   4.101000e-01   2.458000e-01   2.240280e-01
 7290  3.000000e-04   4.235000e-01   2.229000e-01   2.318040e-01
 8430  3.000000e-04   5.366000e-01   2.918000e-01   2.934920e-01
 9284  3.000000e-04   1.046980e+01   6.009100e+00   5.714418e+00
10884  2.000000e-04   1.980940e+01   1.225980e+01   1.207785e+01
11888  2.000000e-04   5.000000e-04   2.000000e-04   2.760000e-04
13812  2.000000e-04   2.300000e-02   1.160000e-02   1.154600e-02
15284  2.000000e-04   1.540000e-02   8.200000e-03   8.602000e-03
16658  2.000000e-04   3.230000e-02   1.530000e-02   1.714400e-02
17860  2.000000e-04   2.461000e-01   1.022000e-01   1.118120e-01
19246  2.000000e-04   1.539000e-01   9.490000e-02   8.621000e-02
20386  1.000000e-04   4.241000e-01   2.354000e-01   2.369860e-01
21712  1.000000e-04   1.113000e-01   2.900000e-02   4.462800e-02
23170  1.000000e-04   2.250000e-01   1.309000e-01   1.233300e-01
24452  1.000000e-04   1.077200e+00   4.389000e-01   4.970040e-01
26088  1.000000e-04   9.461000e-01   6.033000e-01   5.291180e-01
27818  1.000000e-04   1.028000e+00   6.226000e-01   5.611040e-01
29016  1.000000e-04   1.653000e+00   9.036000e-01   8.464420e-01
30298  1.000000e-04   2.719500e+00   1.480500e+00   1.528736e+00
31396  1.000000e-04   1.841210e+01   1.251650e+01   1.171162e+01
33242  1.000000e-04   4.000000e-04   2.000000e-04   1.940000e-04
34428  1.000000e-04   1.300000e-03   9.000000e-04   7.300000e-04
35588  1.000000e-04   2.600000e-03   1.100000e-03   1.152000e-03
36588  1.000000e-04   1.300000e-03   6.000000e-04   6.460000e-04
38002  1.000000e-04   4.200000e-03   2.500000e-03   2.352000e-03
39258  1.000000e-04   2.030000e-02   9.800000e-03   9.772000e-03
40254  1.000000e-04   2.330000e-02   1.260000e-02   1.260000e-02
41512  1.000000e-04   1.265000e-01   5.900000e-02   6.117400e-02
42634  1.000000e-04   1.308800e+00   7.509000e-01   7.197720e-01
43504  1.000000e-04   2.111220e+01   1.324850e+01   1.199741e+01
44984  1.000000e-04   1.600000e-03   1.000000e-03   8.160000e-04
46060  1.000000e-04   3.800000e-03   1.800000e-03   1.862000e-03
47084  1.000000e-04   4.500000e-03   2.400000e-03   2.352000e-03
48542  1.000000e-04   1.040000e-02   6.100000e-03   5.940000e-03
49916  1.000000e-04   1.470000e-02   8.500000e-03   8.494000e-03
51344  1.000000e-04   3.700000e-03   2.500000e-03   2.104000e-03
53344  1.000000e-04   4.850000e-02   3.010000e-02   2.652400e-02
53478  0.000000e+00   1.600000e-02   8.900000e-03   8.454000e-03
P0: 0.000000    P1: 0.000000    P2: 0.000000    
    0  5.254900e+00   4.439940e+01   2.436810e+01   2.405539e+01
 2510  6.000000e-04   2.000000e-02   1.100000e-02   1.047400e-02
 3648  2.000000e-04   2.570000e-02   1.420000e-02   1.448600e-02
 4886  2.000000e-04   1.215000e+00   5.645000e-01   5.808060e-01
 5864  2.000000e-04   5.394000e-01   2.456000e-01   2.852500e-01
 7246  2.000000e-04   1.690000e-01   7.760000e-02   7.901200e-02
 8548  2.000000e-04   8.318000e-01   3.881000e-01   3.995940e-01
10002  2.000000e-04   1.645300e+00   8.069000e-01   8.182760e-01
11310  2.000000e-04   3.137900e+00   1.943700e+00   1.782454e+00
12460  2.000000e-04   8.329000e-01   3.379000e-01   3.792380e-01
13468  2.000000e-04   5.915400e+00   3.942500e+00   3.539004e+00
14888  2.000000e-04   9.893400e+00   4.530600e+00   4.634918e+00
16500  2.000000e-04   2.715000e+00   1.406600e+00   1.293096e+00
17954  2.000000e-04   2.424600e+00   1.543700e+00   1.363916e+00
19194  2.000000e-04   1.091300e+00   5.918000e-01   6.044400e-01
20588  2.000000e-04   1.138500e+00   5.754000e-01   5.802180e-01
22206  2.000000e-04   2.927200e+00   1.702400e+00   1.686288e+00
23156  2.000000e-04   4.791000e+00   3.177100e+00   2.913810e+00
24302  2.000000e-04   5.273300e+00   3.509100e+00   3.326930e+00
25540  2.000000e-04   5.000000e-04   3.000000e-04   3.140000e-04
27212  2.000000e-04   1.100000e-03   6.000000e-04   6.340000e-04
28708  2.000000e-04   1.400000e-02   7.700000e-03   7.168000e-03
29964  2.000000e-04   3.800000e-03   1.900000e-03   2.018000e-03
31266  2.000000e-04   3.800000e-03   2.200000e-03   2.260000e-03
32758  2.000000e-04   2.600000e-03   1.100000e-03   1.282000e-03
33928  2.000000e-04   1.100000e-03   6.000000e-04   6.980000e-04
35542  2.000000e-04   2.838210e+01   1.886990e+01   1.702674e+01
36630  2.000000e-04   2.414990e+01   8.532900e+00   1.074121e+01
38070  2.000000e-04   5.078370e+01   2.431410e+01   2.493775e+01
39636  2.000000e-04   1.100000e-03   6.000000e-04   6.700000e-04
40794  2.000000e-04   5.709890e+01   2.637070e+01   2.540223e+01
42092  2.000000e-04   1.900000e-03   1.300000e-03   1.136000e-03
43838  2.000000e-04   6.500000e-03   4.100000e-03   3.892000e-03
45198  2.000000e-04   5.630000e-02   3.630000e-02   3.156600e-02
46670  2.000000e-04   1.260000e-02   5.900000e-03   6.200000e-03
48694  2.000000e-04   9.860000e-02   4.050000e-02   4.418000e-02
50150  2.000000e-04   1.955000e-01   8.660000e-02   9.516200e-02
51736  2.000000e-04   5.950000e-01   3.579000e-01   3.301160e-01
53910  2.000000e-04   9.698000e-01   6.234000e-01   5.682160e-01
55126  2.000000e-04   1.516900e+00   7.973000e-01   8.374320e-01
56352  2.000000e-04   9.679400e+00   4.998900e+00   4.984954e+00
57652  2.000000e-04   7.693700e+00   4.586900e+00   4.158404e+00
58866  2.000000e-04   1.908910e+01   1.040750e+01   1.095473e+01
59794  2.000000e-04   1.200000e-03   6.000000e-04   6.640000e-04
61488  2.000000e-04   2.220000e-02   1.540000e-02   1.386800e-02
62684  2.000000e-04   7.500000e-03   3.700000e-03   4.044000e-03
64004  2.000000e-04   1.700000e-03   1.000000e-03   9.399999e-04
65040  2.000000e-04   1.100000e-03   6.000000e-04   6.720000e-04
66090  2.000000e-04   1.400000e-03   9.000000e-04   7.940001e-04
67678  2.000000e-04   6.000000e-04   3.000000e-04   3.280000e-04
68844  2.000000e-04   1.100000e-03   6.000000e-04   6.140000e-04
70144  2.000000e-04   2.169770e+01   1.410110e+01   1.318110e+01
71188  2.000000e-04   3.942410e+01   2.071340e+01   1.980144e+01
72612  2.000000e-04   1.681320e+01   1.096610e+01   9.450578e+00
73796  2.000000e-04   4.192010e+01   2.346050e+01   2.255710e+01
76510  2.000000e-04   2.100000e-03   1.700000e-03   1.392000e-03
77670  2.000000e-04   2.000000e-03   1.100000e-03   1.130000e-03
78944  2.000000e-04   9.000000e-04   6.000000e-04   5.900000e-04
80464  2.000000e-04   2.700000e-03   1.400000e-03   1.386000e-03
81856  2.000000e-04   5.870000e-02   3.410000e-02   3.228000e-02
82944  2.000000e-04   8.060000e-02   4.670000e-02   4.476000e-02
84290  2.000000e-04   1.782000e-01   9.740000e-02   9.521201e-02
85570  2.000000e-04   9.101000e-01   3.829000e-01   4.066740e-01
86684  2.000000e-04   2.000200e+00   1.135200e+00   1.130290e+00
88092  2.000000e-04   2.929800e+00   1.617000e+00   1.623088e+00
89078  2.000000e-04   1.091060e+01   6.482100e+00   6.816902e+00
90138  2.000000e-04   1.670090e+01   8.840200e+00   8.706554e+00
91044  2.000000e-04   3.000000e-04   2.000000e-04   2.220000e-04
92804  2.000000e-04   5.000000e-04   2.000000e-04   2.660000e-04
94082  2.000000e-04   1.000000e-03   5.000000e-04   5.940000e-04
95836  2.000000e-04   2.145620e+01   1.492290e+01   1.232860e+01
97976  2.000000e-04   1.400000e-03   9.000000e-04   8.500000e-04
99234  2.000000e-04   5.700000e-03   2.700000e-03   2.706000e-03
100812  2.000000e-04   1.800000e-03   1.100000e-03   1.058000e-03
102032  2.000000e-04   2.690000e-02   1.550000e-02   1.473800e-02
103870  2.000000e-04   1.146000e-01   7.150000e-02   6.645200e-02
105488  1.000000e-04   8.268000e-01   5.162000e-01   4.913380e-01
106912  1.000000e-04   7.361000e-01   3.989000e-01   3.609480e-01
108196  1.000000e-04   3.624600e+00   2.501000e+00   2.117162e+00
109464  1.000000e-04   7.424900e+00   4.526600e+00   4.246124e+00
110790  1.000000e-04   7.924100e+00   4.977100e+00   4.667498e+00
113510  1.000000e-04   4.000000e-03   2.900000e-03   2.602000e-03
114790  1.000000e-04   5.740000e-02   3.340000e-02   3.156600e-02
115874  1.000000e-04   9.050000e-02   5.290000e-02   5.089800e-02
116870  1.000000e-04   3.418000e-01   1.838000e-01   1.791540e-01
117946  1.000000e-04   1.886000e-01   9.320000e-02   8.820599e-02
119070  1.000000e-04   1.064000e+00   4.262000e-01   4.582180e-01
120488  1.000000e-04   3.819400e+00   2.289800e+00   2.192928e+00
122172  1.000000e-04   4.565200e+00   2.969700e+00   2.587956e+00
123464  1.000000e-04   5.345900e+00   3.170000e+00   3.129088e+00
124936  1.000000e-04   5.272200e+00   2.442000e+00   2.425002e+00
126284  1.000000e-04   5.776100e+00   3.150200e+00   2.917702e+00
127506  1.000000e-04   6.705300e+00   2.906600e+00   2.891130e+00
128774  1.000000e-04   1.033340e+01   5.161800e+00   5.326212e+00
129740  1.000000e-04   1.447660e+01   8.287200e+00   7.057424e+00
130820  1.000000e-04   6.105700e+00   3.037100e+00   3.373190e+00
132258  1.000000e-04   2.348530e+01   1.610760e+01   1.399034e+01
133488  1.000000e-04   1.800000e-03   1.100000e-03   1.092000e-03
134406  1.000000e-04   1.860000e-02   7.400000e-03   8.626000e-03
135958  1.000000e-04   4.290000e-02   2.290000e-02   2.353800e-02
137162  1.000000e-04   3.030000e-01   1.755000e-01   1.763940e-01
138598  1.000000e-04   9.608000e-01   5.925000e-01   5.232560e-01
140236  1.000000e-04   1.368300e+00   5.556000e-01   6.043520e-01
141470  1.000000e-04   5.028500e+00   2.643400e+00   2.733050e+00
142458  1.000000e-04   1.475290e+01   9.774900e+00   9.107278e+00
143814  1.000000e-04   3.738010e+01   1.587100e+01   1.828806e+01
145168  1.000000e-04   3.000000e-04   2.000000e-04   1.960000e-04
146556  1.000000e-04   2.000000e-04   2.000000e-04   1.540000e-04
147888  1.000000e-04   8.600000e-03   4.100000e-03   4.482000e-03
149516  1.000000e-04   5.460000e-02   2.510000e-02   2.517200e-02
150688  1.000000e-04   6.010000e-02   2.350000e-02   2.654600e-02
151674  1.000000e-04   4.220000e-02   2.220000e-02   2.153200e-02
153396  1.000000e-04   2.480000e-02   1.250000e-02   1.256600e-02
154452  1.000000e-04   5.950000e-02   3.500000e-02   3.103200e-02
155760  1.000000e-04   1.811000e-01   6.290000e-02   7.967800e-02
157494  1.000000e-04   1.062100e+00   5.453000e-01   5.592800e-01
159224  1.000000e-04   1.282100e+00   7.442000e-01   7.108560e-01
160608  1.000000e-04   8.121800e+00   4.967300e+00   4.934654e+00
161848  1.000000e-04   3.628020e+01   1.855760e+01   1.866401e+01
163456  0.000000e+00   1.690000e-02   8.600000e-03   8.306000e-03
P0: 0.000000    P1: 0.000000    P2: 0.000000    
    0  2.637300e+00   5.456490e+01   2.199620e+01   2.304121e+01
 2524  1.000000e-04   1.000000e-03   8.000000e-04   6.660000e-04
 3646  1.000000e-04   1.700000e-03   8.000000e-04   7.840000e-04
 4724  1.000000e-04   1.210000e-02   4.200000e-03   5.382000e-03
 6004  1.000000e-04   2.820000e-02   1.790000e-02   1.523000e-02
 7512  1.000000e-04   5.070000e-02   2.690000e-02   2.703600e-02
 8640  1.000000e-04   1.610000e-02   8.500000e-03   8.488000e-03
10078  1.000000e-04   1.720000e-02   1.090000e-02   9.710000e-03
11302  1.000000e-04   3.000000e-03   1.400000e-03   1.520000e-03
12660  1.000000e-04   5.300000e-03   2.600000e-03   2.810000e-03
14056  1.000000e-04   2.650000e-02   1.370000e-02   1.438400e-02
15770  1.000000e-04   1.462000e-01   7.760000e-02   7.778400e-02
17384  1.000000e-04   2.294000e-01   1.062000e-01   1.152400e-01
18678  1.000000e-04   7.043000e-01   2.342000e-01   3.156680e-01
19694  1.000000e-04   8.078000e-01   4.633000e-01   4.161560e-01
20896  1.000000e-04   7.459000e-01   3.794000e-01   3.822640e-01
22654  1.000000e-04   9.509000e-01   5.776000e-01   5.724660e-01
24284  1.000000e-04   1.553900e+00   7.317000e-01   7.359820e-01
25268  1.000000e-04   2.603800e+00   1.434900e+00   1.365844e+00
26518  1.000000e-04   2.587300e+00   1.536100e+00   1.512108e+00
27654  1.000000e-04   3.483600e+00   2.080800e+00   1.900106e+00
28896  1.000000e-04   3.671300e+00   1.905700e+00   1.828954e+00
30116  1.000000e-04   1.482500e+00   1.004900e+00   9.649780e-01
31516  1.000000e-04   2.801400e+00   1.311400e+00   1.365894e+00
32966  1.000000e-04   2.000000e-04   2.000000e-04   1.560000e-04
34148  1.000000e-04   5.652180e+01   2.241820e+01   2.336491e+01
35700  1.000000e-04   2.065220e+01   1.272810e+01   1.091698e+01
36968  1.000000e-04   1.845530e+01   8.254100e+00   9.233742e+00
38482  1.000000e-04   1.200000e-03   8.000000e-04   6.820000e-04
39742  1.000000e-04   8.000000e-04   5.000000e-04   4.040000e-04
41102  1.000000e-04   1.700000e-03   9.000000e-04   8.700000e-04
43178  1.000000e-04   1.300000e-03   5.000000e-04   6.300000e-04
44740  1.000000e-04   2.930000e-02   1.300000e-02   1.313400e-02
44870  0.000000e+00   5.100000e-03   1.800000e-03   2.086000e-03
P0: 0.000000    P1: 0.000000    P2: 0.000000    
    0  6.459000e+00   5.985090e+01   3.004430e+01   3.031990e+01
 1796  0.000000e+00   1.000000e-03   5.000000e-04   5.020000e-04
P0: 0.000000    P1: 0.000000    P2: 0.000000    
    0  4.155500e+00   5.238330e+01   2.645800e+01   2.554904e+01
 1818  2.000000e-04   1.200000e-03   6.000000e-04   6.840000e-04
 3406  2.000000e-04   5.000000e-04   3.000000e-04   3.080000e-04
 5054  2.000000e-04   1.800000e-03   1.000000e-03   9.900000e-04
 6564  2.000000e-04   1.200000e-03   6.000000e-04   6.480000e-04
 7708  2.000000e-04   5.300000e-03   3.000000e-03   2.990000e-03
 8842  2.000000e-04   8.580000e-02   4.110000e-02   4.147600e-02
10132  2.000000e-04   2.580000e-02   1.420000e-02   1.445000e-02
11240  2.000000e-04   1.780000e-02   1.210000e-02   1.063600e-02
12386  2.000000e-04   3.800000e-03   2.500000e-03   2.180000e-03
13758  2.000000e-04   1.340000e-02   8.900000e-03   8.012000e-03
15250  2.000000e-04   4.670000e-02   2.260000e-02   2.350000e-02
16328  2.000000e-04   2.744000e-01   1.601000e-01   1.485600e-01
17506  2.000000e-04   8.880000e-02   4.940000e-02   4.991800e-02
18712  2.000000e-04   4.275000e-01   2.596000e-01   2.528980e-01
20032  2.000000e-04   1.812500e+00   8.049000e-01   8.899740e-01
21224  2.000000e-04   4.188200e+00   2.172500e+00   2.241896e+00
22544  2.000000e-04   6.661400e+00   3.660300e+00   3.509368e+00
24006  1.000000e-04   6.000000e-04   5.000000e-04   3.780000e-04
25630  1.000000e-04   3.000000e-04   1.000000e-04   1.500000e-04
27552  1.000000e-04   4.000000e-04   1.000000e-04   1.440000e-04
28688  1.000000e-04   1.600000e-03   8.000000e-04   7.540000e-04
29996  1.000000e-04   1.600000e-03   1.000000e-03   8.520000e-04
31240  1.000000e-04   1.450000e-02   6.500000e-03   6.608000e-03
32450  1.000000e-04   2.281000e-01   1.337000e-01   1.243460e-01
33532  1.000000e-04   5.204000e-01   3.090000e-01   2.827300e-01
34838  1.000000e-04   2.895400e+00   1.376900e+00   1.458998e+00
36630  1.000000e-04   2.260300e+00   1.538100e+00   1.380504e+00
37542  1.000000e-04   8.843600e+00   5.272800e+00   4.792752e+00
39036  1.000000e-04   1.072120e+01   4.621800e+00   5.310448e+00
40248  1.000000e-04   3.666980e+01   1.740930e+01   1.609377e+01
41432  1.000000e-04   2.000000e-04   1.000000e-04   1.360000e-04
42686  1.000000e-04   2.462120e+01   1.612250e+01   1.457982e+01
44446  1.000000e-04   1.120110e+01   5.912900e+00   5.814766e+00
45414  1.000000e-04   2.268610e+01   1.520050e+01   1.345469e+01
46844  1.000000e-04   9.000000e-04   5.000000e-04   4.260000e-04
48166  1.000000e-04   7.200000e-03   3.700000e-03   3.772000e-03
49574  1.000000e-04   3.600000e-03   2.000000e-03   1.860000e-03
50884  1.000000e-04   1.410000e-02   8.900000e-03   7.936000e-03
51996  1.000000e-04   2.810000e-02   1.850000e-02   1.704400e-02
53298  1.000000e-04   1.466900e+00   8.374000e-01   8.058380e-01
54996  1.000000e-04   3.105800e+00   1.786500e+00   1.680008e+00
56098  1.000000e-04   9.366500e+00   5.287000e+00   4.763554e+00
57632  1.000000e-04   1.128840e+01   6.998900e+00   6.324592e+00
59308  1.000000e-04   2.000000e-04   1.000000e-04   1.480000e-04
60776  1.000000e-04   1.506010e+01   8.583400e+00   8.234842e+00
61992  1.000000e-04   3.000000e-04   2.000000e-04   1.680000e-04
63452  1.000000e-04   6.000000e-04   5.000000e-04   4.040000e-04
64572  1.000000e-04   2.400000e-03   6.000000e-04   9.000000e-04
65822  1.000000e-04   1.700000e-03   8.000000e-04   8.580000e-04
66914  1.000000e-04   4.780000e-02   1.890000e-02   2.156600e-02
68450  1.000000e-04   1.469000e-01   9.310000e-02   8.588801e-02
70048  1.000000e-04   2.036000e-01   1.109000e-01   1.040200e-01
71202  1.000000e-04   1.220600e+00   7.412000e-01   7.087040e-01
72380  1.000000e-04   4.496600e+00   2.280100e+00   2.334784e+00
73652  1.000000e-04   9.895700e+00   5.580600e+00   5.352448e+00
74526  1.000000e-04   3.185480e+01   1.486580e+01   1.557350e+01
75578  1.000000e-04   1.800000e-03   1.000000e-03   9.839999e-04
77432  1.000000e-04   5.000000e-03   2.100000e-03   2.120000e-03
79312  1.000000e-04   6.700000e-03   4.000000e-03   3.558000e-03
80740  1.000000e-04   1.972000e-01   8.460000e-02   9.549400e-02
82416  1.000000e-04   7.414000e-01   3.409000e-01   3.669500e-01
83358  1.000000e-04   4.453300e+00   2.486100e+00   2.472614e+00
84628  1.000000e-04   6.570600e+00   2.579300e+00   2.960726e+00
85932  1.000000e-04   7.055500e+00   3.879500e+00   3.643560e+00
86840  1.000000e-04   8.000000e-04   4.000000e-04   3.700000e-04
88082  1.000000e-04   1.000000e-03   5.000000e-04   4.760000e-04
89536  1.000000e-04   4.000000e-04   2.000000e-04   1.960000e-04
91086  1.000000e-04   6.100000e-03   3.300000e-03   3.162000e-03
92744  1.000000e-04   2.600000e-03   1.400000e-03   1.406000e-03
94150  1.000000e-04   1.300000e-03   5.000000e-04   5.300000e-04
95762  1.000000e-04   1.090000e-02   5.700000e-03   5.822000e-03
96908  1.000000e-04   4.100000e-03   2.000000e-03   2.070000e-03
97828  1.000000e-04   1.850000e-02   1.230000e-02   1.154000e-02
99408  1.000000e-04   4.040000e-02   2.050000e-02   2.064800e-02
100344  1.000000e-04   6.890000e-02   3.170000e-02   3.291800e-02
101474  1.000000e-04   8.258000e-01   3.947000e-01   3.937060e-01
102540  1.000000e-04   2.329700e+00   1.186600e+00   1.214214e+00
103928  1.000000e-04   2.246000e-01   1.286000e-01   1.210300e-01
105552  1.000000e-04   3.491000e-01   2.178000e-01   2.198360e-01
106096  0.000000e+00   8.000000e-03   3.500000e-03   3.672000e-03
P0: 0.000000    P1: 0.000000    P2: 0.000000    
    0  1.700000e+00   5.924160e+01   2.475690e+01   2.480207e+01
 2080  2.000000e-04   1.400000e-03   9.000000e-04   8.740000e-04
 3606  2.000000e-04   9.000000e-04   5.000000e-04   4.820000e-04
 5810  2.000000e-04   6.200000e-03   3.500000e-03   3.394000e-03
 7240  2.000000e-04   6.600000e-03   3.500000e-03   3.548000e-03
 8270  2.000000e-04   1.700000e-03   1.200000e-03   1.058000e-03
 9616  2.000000e-04   2.700000e-03   1.700000e-03   1.570000e-03
11150  2.000000e-04   1.100000e-03   6.000000e-04   6.860000e-04
12106  2.000000e-04   5.100000e-03   3.300000e-03   2.742000e-03
13272  2.000000e-04   2.660000e-02   1.530000e-02   1.450200e-02
14562  2.000000e-04   1.718000e-01   9.020000e-02   9.058400e-02
15664  2.000000e-04   1.466000e-01   9.950000e-02   8.727600e-02
17388  2.000000e-04   3.040000e-02   1.890000e-02   1.665800e-02
18590  2.000000e-04   2.180000e-02   1.360000e-02   1.261200e-02
19882  2.000000e-04   5.763000e-01   3.611000e-01   3.373160e-01
21136  2.000000e-04   1.595300e+00   8.429000e-01   8.636440e-01
22042  2.000000e-04   1.244450e+01   6.423400e+00   6.436468e+00
23214  2.000000e-04   5.000000e-04   2.000000e-04   3.080000e-04
25184  2.000000e-04   1.700000e-02   9.400000e-03   9.405999e-03
26752  2.000000e-04   5.540000e-02   3.140000e-02   3.211600e-02
27846  2.000000e-04   1.829000e-01   5.960000e-02   8.206800e-02
29202  2.000000e-04   3.275000e-01   2.054000e-01   1.876780e-01
30550  2.000000e-04   8.610000e-02   3.500000e-02   3.844600e-02
31774  2.000000e-04   1.051000e-01   6.350000e-02   5.806800e-02
33136  2.000000e-04   6.886000e-01   3.294000e-01   3.432280e-01
34632  2.000000e-04   6.541000e-01   3.566000e-01   3.233720e-01
35684  2.000000e-04   4.838000e-01   2.787000e-01   2.645480e-01
36700  2.000000e-04   2.247400e+00   1.229200e+00   1.136260e+00
37690  2.000000e-04   3.261800e+00   2.072500e+00   1.862330e+00
38758  2.000000e-04   6.965000e+00   3.547500e+00   3.631280e+00
40110  2.000000e-04   1.347100e+01   7.859700e+00   6.908448e+00
41448  2.000000e-04   2.846610e+01   1.508620e+01   1.464070e+01
42814  2.000000e-04   1.100000e-03   6.000000e-04   6.240000e-04
44426  2.000000e-04   2.340000e-02   1.540000e-02   1.412800e-02
45730  2.000000e-04   7.740000e-02   4.260000e-02   4.439800e-02
47042  2.000000e-04   2.926000e-01   1.524000e-01   1.531640e-01
48626  2.000000e-04   2.430500e+00   1.553100e+00   1.458076e+00
49970  2.000000e-04   5.349000e+00   3.142200e+00   3.005632e+00
51090  2.000000e-04   2.260110e+01   1.340380e+01   1.258361e+01
52468  2.000000e-04   3.000000e-04   2.000000e-04   2.360000e-04
54074  2.000000e-04   3.500000e-03   1.800000e-03   1.970000e-03
55742  2.000000e-04   4.200000e-03   2.100000e-03   2.382000e-03
57368  2.000000e-04   2.250000e-02   1.160000e-02   1.244200e-02
58888  2.000000e-04   2.138000e-01   1.241000e-01   1.184860e-01
60240  2.000000e-04   9.818000e-01   4.457000e-01   4.660340e-01
61764  2.000000e-04   8.441000e-01   3.930000e-01   4.086380e-01
62830  2.000000e-04   9.782000e-01   4.901000e-01   4.835580e-01
63808  2.000000e-04   3.275300e+00   2.045000e+00   1.949624e+00
65570  1.000000e-04   1.572650e+01   1.016720e+01   9.657028e+00
66566  1.000000e-04   6.000000e-04   4.000000e-04   3.500000e-04
67656  1.000000e-04   3.300000e-02   1.730000e-02   1.715000e-02
68990  1.000000e-04   7.980000e-02   3.900000e-02   3.970600e-02
70076  1.000000e-04   1.268200e+00   6.830000e-01   7.020080e-01
71002  0.000000e+00   2.900000e-03   1.700000e-03   1.446000e-03
P0: 0.000000    P1: 0.000000    P2: 0.000000    
    0  1.346400e+00   4.843530e+01   2.672300e+01   2.720416e+01
 1508  0.000000e+00   4.500000e-03   2.500000e-03   2.422000e-03
P0: 0.000000    P1: 0.000000    P2: 0.000000    
    0  1.294100e+00   5.892980e+01   2.082340e+01   2.449982e+01
 1750  0.000000e+00   1.400000e-03   6.000000e-04   6.800001e-04
P0: 0.000000    P1: 0.000000    P2: 0.000000    
    0  1.578600e+00   4.434690e+01   2.276570e+01   2.322138e+01
 2120  2.000000e-04   2.002760e+01   1.336080e+01   1.249700e+01
 3504  2.000000e-04   6.000000e-04   5.000000e-04   4.080000e-04
 5242  2.000000e-04   6.000000e-04   3.000000e-04   3.620000e-04
 6518  2.000000e-04   5.000000e-04   3.000000e-04   3.040000e-04
 7646  2.000000e-04   3.727420e+01   1.797700e+01   1.760450e+01
 8936  2.000000e-04   7.128400e+00   4.586700e+00   3.989678e+00
10576  2.000000e-04   4.838200e+00   3.194600e+00   3.104892e+00
12004  2.000000e-04   3.514700e+00   2.056500e+00   2.046202e+00
13366  2.000000e-04   2.333900e+00   1.056500e+00   1.064702e+00
14556  2.000000e-04   2.111500e+00   8.987000e-01   1.016912e+00
15750  2.000000e-04   4.413300e+00   2.137900e+00   2.250602e+00
17352  2.000000e-04   3.725000e+00   2.315800e+00   2.067224e+00
18430  2.000000e-04   3.531300e+00   1.710500e+00   1.701844e+00
19720  2.000000e-04   1.024500e+00   4.873000e-01   5.097460e-01
20848  2.000000e-04   3.178400e+00   1.947300e+00   1.866548e+00
22456  2.000000e-04   3.158800e+00   1.820000e+00   1.601410e+00
23938  2.000000e-04   8.376100e+00   4.841400e+00   4.934036e+00
25288  2.000000e-04   2.181710e+01   1.095860e+01   1.144427e+01
27226  1.000000e-04   9.000000e-04   5.000000e-04   5.060000e-04
29056  1.000000e-04   1.200000e-03   5.000000e-04   5.180000e-04
30252  1.000000e-04   9.000000e-04   5.000000e-04   4.720000e-04
31778  1.000000e-04   3.700000e-02   1.690000e-02   1.801600e-02
32946  1.000000e-04   8.460000e-02   4.250000e-02   4.338600e-02
34400  1.000000e-04   2.690000e-02   1.570000e-02   1.500000e-02
35622  1.000000e-04   8.600000e-03   5.000000e-03   4.764000e-03
37032  1.000000e-04   2.890000e-02   9.000000e-03   1.153000e-02
38142  1.000000e-04   3.060000e-02   1.690000e-02   1.684200e-02
39224  1.000000e-04   6.600000e-03   3.500000e-03   3.410000e-03
40300  1.000000e-04   1.016000e-01   6.440000e-02   5.519400e-02
41616  1.000000e-04   2.402000e-01   1.430000e-01   1.389680e-01
43188  1.000000e-04   1.302000e-01   5.740000e-02   6.501999e-02
44360  1.000000e-04   1.106600e+00   6.729000e-01   6.282060e-01
46128  1.000000e-04   8.186000e-01   5.402000e-01   4.516280e-01
47840  1.000000e-04   1.270600e+00   7.889000e-01   6.933300e-01
48922  1.000000e-04   9.415400e+00   5.679500e+00   5.148616e+00
50238  1.000000e-04   6.821700e+00   4.369700e+00   4.009140e+00
52650  1.000000e-04   2.000000e-04   1.000000e-04   1.340000e-04
53898  1.000000e-04   1.200000e-03   6.000000e-04   6.840000e-04
55824  1.000000e-04   1.740000e-02   7.500000e-03   7.924000e-03
56038  0.000000e+00   3.000000e-03   1.100000e-03   1.368000e-03
P0: 0.000000    P1: 0.000000    P2: 0.000000    
    0  5.306700e+00   4.237090e+01   2.616820e+01   2.519462e+01
 2248  2.000000e-04   1.300000e-03   6.000000e-04   7.080000e-04
 3656  2.000000e-04   1.100000e-03   6.000000e-04   6.300000e-04
 4556  2.000000e-04   1.800000e-03   9.000000e-04   1.058000e-03
 6042  2.000000e-04   2.810000e-02   1.220000e-02   1.310400e-02
 7232  2.000000e-04   1.139000e-01   5.410000e-02   5.290800e-02
 8398  2.000000e-04   2.750000e-02   1.580000e-02   1.470400e-02
 9988  2.000000e-04   2.426000e-01   1.529000e-01   1.405480e-01
11704  2.000000e-04   9.683000e-01   5.257000e-01   5.014600e-01
13526  2.000000e-04   4.806000e-01   2.357000e-01   2.441560e-01
15130  2.000000e-04   2.774000e-01   1.529000e-01   1.497300e-01
16318  1.000000e-04   7.006500e+00   4.524900e+00   4.055688e+00
17582  1.000000e-04   3.753010e+01   2.159480e+01   1.916013e+01
18912  1.000000e-04   1.300000e-03   8.000000e-04   7.380000e-04
20452  1.000000e-04   3.500000e-03   2.000000e-03   1.880000e-03
21824  1.000000e-04   1.950000e-02   1.170000e-02   1.109400e-02
22928  1.000000e-04   7.130000e-02   4.130000e-02   3.908600e-02
23960  1.000000e-04   9.840000e-02   5.890000e-02   5.346200e-02
25266  1.000000e-04   7.930000e-02   5.360000e-02   4.747000e-02
26416  1.000000e-04   1.629000e-01   8.730000e-02   8.295801e-02
27350  1.000000e-04   2.216500e+00   1.133700e+00   1.117946e+00
28442  1.000000e-04   1.593770e+01   8.618900e+00   8.621772e+00
29908  1.000000e-04   3.000000e-04   2.000000e-04   1.640000e-04
31528  1.000000e-04   2.000000e-04   1.000000e-04   1.260000e-04
32790  1.000000e-04   4.200000e-03   2.700000e-03   2.462000e-03
34024  1.000000e-04   3.800000e-03   1.800000e-03   1.906000e-03
35030  1.000000e-04   1.000000e-03   5.000000e-04   5.640000e-04
36082  1.000000e-04   3.400000e-03   1.900000e-03   1.890000e-03
37090  1.000000e-04   9.400000e-03   5.300000e-03   4.858000e-03
38422  1.000000e-04   1.100000e-03   6.000000e-04   6.540000e-04
39930  1.000000e-04   1.988570e+01   1.188210e+01   1.083208e+01
41610  1.000000e-04   3.500000e-03   1.900000e-03   1.956000e-03
43808  1.000000e-04   6.200000e-03   2.700000e-03   2.992000e-03
45322  1.000000e-04   4.600000e-03   2.000000e-03   2.312000e-03
46408  1.000000e-04   1.900000e-03   1.300000e-03   1.178000e-03
47824  1.000000e-04   3.500000e-03   2.500000e-03   2.206000e-03
49098  1.000000e-04   2.220000e-02   1.180000e-02   1.255200e-02
50136  1.000000e-04   4.300000e-03   2.000000e-03   2.242000e-03
51482  1.000000e-04   4.730000e-02   2.610000e-02   2.526000e-02
52952  1.000000e-04   3.540000e-02   1.460000e-02   1.487600e-02
54306  1.000000e-04   8.350000e-02   4.580000e-02   4.512800e-02
55886  1.000000e-04   1.300000e-03   6.000000e-04   7.020000e-04
57244  1.000000e-04   5.300000e-03   2.600000e-03   2.690000e-03
58622  1.000000e-04   2.460000e-02   1.290000e-02   1.319200e-02
60114  1.000000e-04   6.509000e-01   4.179000e-01   3.666040e-01
61856  1.000000e-04   2.457700e+00   1.379600e+00   1.332262e+00
62946  1.000000e-04   2.357010e+01   1.498890e+01   1.305480e+01
64150  1.000000e-04   6.378900e+00   4.142900e+00   3.916988e+00
65362  1.000000e-04   2.018780e+01   1.135730e+01   1.058916e+01
66682  1.000000e-04   3.099410e+01   1.650250e+01   1.575284e+01
67700  1.000000e-04   6.000000e-04   4.000000e-04   3.600000e-04
69246  1.000000e-04   1.620000e-02   1.050000e-02   9.153999e-03
69408  0.000000e+00   2.000000e-03   1.100000e-03   1.004000e-03
P0: 0.000000    P1: 0.000000    P2: 0.000000    
time: command terminated abnormally.

real       40.4
user       14.5
sys         0.0
